48,	2
119,	2
150,	2
169,	2
223,	2
348,	2
396,	2
447,	2
495,	2
515,	2
610,	2
814,	2
972,	2
992,	2
1033,	2
1138,	2
1212,	2
1532,	2
2244,	2
2338,	2
2396,	2
2467,	2
2519,	2
2643,	2
2816,	2
2822,	2
2902,	2
2996,	2
3018,	2
3077,	2
3096,	2
3235,	2
930,	3
1081,	3
1082,	3
1316,	3
1317,	3
1429,	3
1430,	3
1482,	3
1493,	3
1595,	3
1596,	3
1230,	4
1881,	4
1889,	4
1928,	4
2044,	4
2049,	4
2098,	4
2,	5
34,	5
84,	5
107,	5
200,	5
270,	5
290,	5
323,	5
413,	5
476,	5
702,	5
715,	5
857,	5
860,	5
875,	5
936,	5
1042,	5
1069,	5
1074,	5
1102,	5
1170,	5
1269,	5
1304,	5
1324,	5
1325,	5
1438,	5
1454,	5
1478,	5
1717,	5
1782,	5
1850,	5
1851,	5
1994,	5
2018,	5
2019,	5
2168,	5
2206,	5
2295,	5
2381,	5
2448,	5
2457,	5
2558,	5
2562,	5
2730,	5
2733,	5
2770,	5
2789,	5
2870,	5
2871,	5
2952,	5
3046,	5
3060,	5
3061,	5
3125,	5
3126,	5
3148,	5
3178,	5
3196,	5
3197,	5
3199,	5
3318,	5
3320,	5
1936,	8
28,	9
254,	10
1006,	10
1801,	10
1910,	10
1929,	10
1965,	10
2048,	10
2256,	10
2529,	10
2832,	10
726,	11
728,	11
1702,	12
298,	13
539,	13
577,	13
935,	13
1068,	13
1089,	13
1282,	13
1283,	13
1434,	13
1435,	13
1486,	13
1602,	13
1603,	13
1648,	13
1862,	13
1979,	13
2031,	13
38,	14
61,	14
117,	14
159,	14
184,	14
369,	14
493,	14
620,	14
677,	14
815,	14
901,	14
1000,	14
1035,	14
1122,	14
1214,	14
1238,	14
1363,	14
1408,	14
2218,	14
2253,	14
2341,	14
2394,	14
2489,	14
2611,	14
2671,	14
2743,	14
2831,	14
2909,	14
2986,	14
3027,	14
3072,	14
3240,	14
3249,	14
385,	16
510,	16
686,	16
807,	16
986,	16
1147,	16
1262,	16
1371,	16
1582,	16
1677,	16
1762,	16
1763,	16
1915,	16
1917,	16
1950,	16
2087,	16
2122,	16
2425,	16
2528,	16
2656,	16
2812,	16
2834,	16
2980,	16
2993,	16
21,	17
289,	17
304,	17
313,	17
464,	17
474,	17
537,	17
575,	17
640,	17
721,	17
731,	17
838,	17
881,	17
932,	17
1064,	17
1085,	17
1187,	17
2300,	17
2369,	17
2445,	17
2541,	17
2687,	17
2934,	17
2947,	17
3049,	17
3120,	17
3182,	17
3309,	17
382,	20
504,	20
681,	20
803,	20
983,	20
1040,	20
1354,	20
1531,	20
1561,	20
1745,	20
1964,	20
2068,	20
2132,	20
1066,	21
1293,	21
2030,	21
88,	22
194,	22
268,	22
411,	22
480,	22
540,	22
570,	22
643,	22
862,	22
952,	22
1058,	22
1092,	22
1182,	22
1271,	22
1332,	22
1456,	22
1614,	22
1632,	22
1633,	22
1699,	22
1700,	22
1849,	22
1920,	22
1935,	22
2151,	22
2176,	22
2313,	22
2357,	22
2434,	22
2556,	22
2591,	22
2677,	22
2722,	22
2927,	22
3034,	22
3128,	22
3164,	22
225,	23
141,	24
54,	26
145,	26
174,	26
232,	26
342,	26
381,	26
449,	26
503,	26
521,	26
619,	26
696,	26
755,	26
820,	26
905,	26
981,	26
997,	26
1026,	26
1145,	26
1242,	26
1264,	26
1388,	26
1495,	26
1510,	26
1537,	26
1580,	26
1666,	26
1760,	26
1808,	26
1816,	26
1897,	26
1937,	26
2058,	26
2067,	26
2133,	26
2227,	26
2333,	26
2400,	26
2477,	26
2508,	26
2525,	26
2622,	26
2651,	26
3104,	26
3246,	26
3276,	26
4,	27
189,	27
326,	27
457,	27
536,	27
632,	27
711,	27
831,	27
882,	27
931,	27
1043,	27
1076,	27
1176,	27
1281,	27
1330,	27
1433,	27
1472,	27
1473,	27
1599,	27
1624,	27
1844,	27
1845,	27
1970,	27
2006,	27
2150,	27
2316,	27
2462,	27
2540,	27
2705,	27
2713,	27
2874,	27
2923,	27
3065,	27
3119,	27
3204,	27
3291,	27
122,	28
136,	28
227,	28
375,	28
499,	28
511,	28
589,	28
676,	28
782,	28
795,	28
975,	28
1114,	28
1130,	28
1192,	28
1341,	28
1500,	28
1501,	28
1543,	28
1800,	28
1878,	28
1963,	28
2072,	28
2096,	28
2224,	28
2236,	28
2390,	28
2399,	28
2464,	28
2647,	28
2748,	28
2805,	28
2889,	28
2971,	28
2998,	28
3007,	28
3079,	28
3108,	28
3220,	28
3254,	28
214,	30
87,	31
458,	31
546,	31
705,	31
847,	31
866,	31
929,	31
1094,	31
1291,	31
1314,	31
1315,	31
1443,	31
1612,	31
1626,	31
1627,	31
1707,	31
1773,	31
1774,	31
1870,	31
1988,	31
2188,	31
2307,	31
2432,	31
2549,	31
2850,	31
2931,	31
3066,	31
3129,	31
3195,	31
3205,	31
266,	32
465,	32
549,	32
641,	32
945,	32
1096,	32
1296,	32
1446,	32
1712,	32
2571,	32
2688,	32
2766,	32
3130,	32
3293,	32
3303,	32
1398,	35
1750,	35
1901,	35
1926,	35
2074,	35
104,	36
2308,	36
215,	37
329,	37
361,	37
485,	37
581,	37
663,	37
733,	37
771,	37
889,	37
960,	37
1009,	37
1110,	37
1188,	37
1373,	37
1494,	37
557,	38
11,	39
94,	39
196,	39
274,	39
321,	39
400,	39
475,	39
552,	39
561,	39
631,	39
724,	39
830,	39
927,	39
1054,	39
1083,	39
1084,	39
1180,	39
1303,	39
1310,	39
1488,	39
1597,	39
1598,	39
1645,	39
1857,	39
2166,	39
2375,	39
2459,	39
2578,	39
2693,	39
2731,	39
83,	41
269,	41
412,	41
541,	41
644,	41
729,	41
869,	41
959,	41
1108,	41
1186,	41
1649,	41
2183,	41
2364,	41
2568,	41
2769,	41
2928,	41
1295,	42
1297,	42
1445,	42
1447,	42
1613,	42
1710,	42
1792,	42
1975,	42
1976,	42
2005,	42
2036,	42
2127,	43
962,	44
964,	44
1028,	44
626,	45
31,	46
93,	46
212,	46
283,	46
308,	46
423,	46
468,	46
631,	46
723,	46
842,	46
876,	46
886,	46
936,	46
954,	46
1059,	46
1090,	46
1184,	46
2184,	46
2208,	46
2302,	46
2379,	46
2384,	46
1,	48
5,	48
105,	48
109,	48
187,	48
190,	48
292,	48
293,	48
295,	48
322,	48
2206,	48
2209,	48
2315,	48
2317,	48
2382,	48
2388,	48
2456,	48
2461,	48
2566,	48
2602,	48
2737,	48
2794,	48
2950,	48
2957,	48
3046,	48
3063,	48
3126,	48
3150,	48
3200,	48
3201,	48
3319,	48
3325,	48
574,	49
1496,	50
1538,	50
1651,	50
1722,	50
1798,	50
1898,	50
1946,	50
98,	51
418,	51
576,	51
651,	51
837,	51
944,	51
1065,	51
1318,	51
1319,	51
1444,	51
1484,	51
1611,	51
1642,	51
1777,	51
1778,	51
1861,	51
1990,	51
2190,	51
998,	52
1038,	52
1151,	52
1218,	52
1919,	52
1959,	52
2083,	52
2108,	52
455,	53
527,	53
624,	53
628,	53
767,	53
859,	53
921,	53
924,	53
1689,	53
1767,	53
1833,	53
1837,	53
1971,	53
2001,	53
2007,	53
2138,	53
1457,	55
1466,	55
1591,	55
1647,	55
1709,	55
1780,	55
1836,	55
1997,	55
19,	56
108,	56
188,	56
203,	56
273,	56
295,	56
325,	56
402,	56
416,	56
456,	56
529,	56
545,	56
558,	56
703,	56
705,	56
832,	56
836,	56
861,	56
925,	56
939,	56
1045,	56
1050,	56
1051,	56
1075,	56
1077,	56
1158,	56
1160,	56
1270,	56
1272,	56
1311,	56
1425,	56
1426,	56
1463,	56
1465,	56
1589,	56
1622,	56
1623,	56
1690,	56
1692,	56
1769,	56
1770,	56
1834,	56
1838,	56
1968,	56
2002,	56
2006,	56
2139,	56
2141,	56
2145,	56
2187,	56
2210,	56
2318,	56
2368,	56
2383,	56
2386,	56
2564,	56
2570,	56
2587,	56
2600,	56
2701,	56
2704,	56
2721,	56
2735,	56
2787,	56
2792,	56
2873,	56
2932,	56
2955,	56
3047,	56
3064,	56
3147,	56
3151,	56
3175,	56
3176,	56
3197,	56
3198,	56
3200,	56
3203,	56
3318,	56
3322,	56
3323,	56
13,	58
236,	58
291,	58
306,	58
397,	58
410,	58
445,	58
687,	58
713,	58
840,	58
999,	58
2199,	58
2293,	58
752,	59
753,	59
2084,	59
25,	61
103,	61
114,	62
163,	62
258,	62
366,	62
487,	62
489,	62
585,	62
668,	62
740,	62
783,	62
894,	62
962,	62
1001,	62
1115,	62
1148,	62
1149,	62
1193,	62
1228,	62
1263,	62
1342,	62
1380,	62
1502,	62
1544,	62
1583,	62
1729,	62
1811,	62
1893,	62
1945,	62
1966,	62
2063,	62
2105,	62
2134,	62
2354,	62
2499,	62
49,	63
170,	63
337,	63
437,	63
597,	63
748,	63
2328,	63
2472,	63
2617,	63
2888,	63
923,	65
1072,	65
397,	67
26,	68
82,	68
284,	68
318,	68
466,	68
556,	68
580,	68
2374,	68
2447,	68
2580,	68
2783,	68
2863,	68
3142,	68
3192,	68
3310,	68
77,	69
204,	69
263,	69
420,	69
462,	69
535,	69
659,	69
2177,	69
2310,	69
2358,	69
2586,	69
2678,	69
2720,	69
2859,	69
2922,	69
282,	70
851,	70
949,	70
1289,	70
1441,	70
1451,	70
1615,	70
1715,	70
2164,	70
15,	72
99,	72
320,	72
1106,	72
1299,	72
1487,	72
1790,	72
1996,	72
2015,	72
2294,	72
2440,	72
2544,	72
2698,	72
2778,	72
2939,	72
3051,	72
3304,	72
8,	73
100,	73
260,	73
299,	73
528,	73
629,	73
829,	73
942,	73
958,	73
1063,	73
1467,	73
1608,	73
1625,	73
1772,	73
2009,	73
2010,	73
2158,	73
2208,	73
2355,	73
2384,	73
2468,	73
2557,	73
2561,	73
2574,	73
2761,	73
2790,	73
2866,	73
2953,	73
3050,	73
3149,	73
3184,	73
3195,	73
3321,	73
1128,	74
1356,	74
1415,	74
1518,	74
1581,	74
1675,	74
1761,	74
1819,	74
2086,	74
2115,	74
1011,	75
1195,	75
63,	76
79,	76
181,	76
252,	76
354,	76
395,	76
417,	76
450,	76
523,	76
616,	76
618,	76
698,	76
2179,	76
2347,	76
2360,	76
2486,	76
2631,	76
2680,	76
2847,	76
2905,	76
2945,	76
3023,	76
3145,	76
3307,	76
1190,	77
171,	78
338,	78
363,	78
442,	78
524,	78
680,	78
749,	78
775,	78
2225,	78
2351,	78
2806,	78
2880,	78
1374,	79
1560,	79
1563,	79
1747,	79
1757,	79
1795,	79
1908,	79
1923,	79
2113,	79
1378,	81
1542,	81
1655,	81
1728,	81
1927,	81
2045,	81
76,	82
211,	82
265,	82
294,	82
301,	82
461,	82
473,	82
564,	82
649,	82
709,	82
732,	82
835,	82
1331,	84
1448,	84
1481,	84
1634,	84
1706,	84
1856,	84
1991,	84
2023,	84
2142,	84
1381,	87
1504,	87
1548,	87
1576,	87
1684,	87
1874,	87
1930,	87
1958,	87
2082,	87
2092,	87
2128,	87
219,	88
248,	88
367,	88
392,	88
517,	88
693,	88
895,	88
995,	88
1005,	88
1142,	88
1256,	88
1527,	88
1676,	88
1820,	88
1826,	88
1900,	88
1949,	88
1958,	88
2248,	88
2522,	88
2826,	88
946,	90
1298,	90
2205,	90
129,	91
233,	91
27,	92
272,	92
287,	92
316,	92
415,	92
478,	92
551,	92
572,	92
647,	92
879,	92
884,	92
950,	92
1061,	92
1100,	92
1172,	92
1302,	92
1452,	92
1464,	92
1616,	92
1705,	92
1854,	92
1855,	92
1992,	92
2032,	92
2156,	92
2196,	92
2380,	92
2862,	92
2930,	92
3053,	92
3124,	92
9,	93
101,	93
2189,	93
2288,	93
653,	94
745,	94
849,	94
903,	95
1246,	96
1358,	96
1389,	96
1396,	96
1564,	96
1652,	96
1660,	96
1748,	96
1797,	96
1876,	96
2059,	96
2071,	96
2094,	96
2121,	96
70,	97
2605,	97
48,	98
508,	98
661,	98
856,	98
961,	98
1523,	98
1663,	98
1803,	98
1905,	98
2077,	98
2131,	98
2517,	98
673,	100
769,	100
242,	101
1135,	101
1419,	101
1766,	101
2243,	101
2518,	101
2820,	101
3094,	101
1001,	102
1007,	102
1148,	102
1236,	102
1263,	102
1554,	102
1583,	102
1657,	102
1739,	102
1809,	102
1875,	102
1938,	102
1966,	102
2057,	102
2110,	102
144,	105
2234,	105
2322,	105
2392,	105
2476,	105
2513,	105
2621,	105
2633,	105
2668,	105
2752,	105
2799,	105
2828,	105
2893,	105
3011,	105
3103,	105
3224,	105
3284,	105
40,	108
160,	108
259,	108
359,	108
428,	108
491,	108
603,	108
891,	108
1111,	108
1189,	108
1224,	108
1338,	108
1379,	108
1503,	108
1672,	108
1744,	108
1922,	108
1329,	109
1590,	109
1640,	109
1691,	109
1860,	109
1969,	109
2028,	109
2149,	109
512,	111
1572,	112
2024,	112
1514,	114
1559,	114
1670,	114
1741,	114
1812,	114
1815,	114
1892,	114
1941,	114
1944,	114
2066,	114
2112,	114
611,	116
1137,	116
1251,	116
1406,	116
1509,	116
1681,	116
1755,	116
1821,	116
1907,	116
1954,	116
2413,	116
126,	117
340,	117
417,	117
440,	117
601,	117
679,	117
694,	117
801,	117
818,	117
996,	117
1024,	117
1205,	117
1240,	117
1258,	117
1404,	117
1411,	117
1515,	117
1578,	117
1754,	117
1759,	117
1912,	117
1918,	117
1943,	117
2041,	117
2111,	117
2251,	117
2402,	117
2524,	117
2669,	117
2741,	117
2974,	117
3082,	117
3257,	117
71,	118
1292,	119
1428,	119
1694,	119
1695,	119
1794,	119
1872,	119
1973,	119
1974,	119
2027,	119
2148,	119
46,	120
139,	120
373,	120
454,	120
2240,	120
2350,	120
2412,	120
2469,	120
2501,	120
2645,	120
2744,	120
2882,	120
2967,	120
3093,	120
3232,	120
3269,	120
1098,	121
1300,	121
1320,	121
1321,	121
1449,	121
1474,	121
1475,	121
1644,	121
1692,	121
1791,	121
1859,	121
2160,	121
747,	122
794,	122
899,	122
909,	122
987,	122
1019,	122
1201,	122
1360,	122
1400,	122
1405,	122
1534,	122
1566,	122
630,	124
722,	124
18,	125
86,	125
209,	125
328,	125
403,	125
470,	125
555,	125
657,	125
717,	125
938,	125
1070,	125
1101,	125
1306,	125
1327,	125
1440,	125
1453,	125
1480,	125
1638,	125
1716,	125
1768,	125
1864,	125
1871,	125
1984,	125
2003,	125
2165,	125
2203,	125
2367,	125
2449,	125
2547,	125
2585,	125
58,	126
121,	126
2239,	126
2324,	126
2414,	126
2491,	126
2504,	126
2616,	126
2664,	126
2803,	126
2837,	126
2846,	126
2901,	126
2985,	126
2995,	126
3067,	126
3068,	126
3074,	126
3218,	126
3251,	126
765,	127
918,	127
155,	128
172,	128
218,	128
501,	128
608,	128
678,	128
736,	128
785,	128
900,	128
908,	128
967,	128
1194,	128
1227,	128
1348,	128
1553,	128
1656,	128
1687,	128
1749,	128
1799,	128
1914,	128
1962,	128
2047,	128
2226,	128
2348,	128
2428,	128
2481,	128
2506,	128
2672,	128
2750,	128
2807,	128
2891,	128
3009,	128
3071,	128
3107,	128
3212,	128
3256,	128
177,	130
512,	130
526,	130
688,	130
758,	130
774,	130
808,	130
919,	130
961,	130
988,	130
1016,	130
1132,	130
1210,	130
1222,	130
1347,	130
1399,	130
1418,	130
1565,	130
1584,	130
1678,	130
1830,	130
1902,	130
1903,	130
1935,	130
2104,	130
2130,	130
2137,	130
2337,	130
2515,	130
2531,	130
2626,	130
2729,	130
2815,	130
3111,	130
591,	131
664,	131
737,	131
1010,	131
1116,	131
1226,	131
1521,	131
1880,	131
2099,	131
1301,	132
1323,	132
1450,	132
1600,	132
1601,	132
1643,	132
1714,	132
1771,	132
1846,	132
1847,	132
2038,	132
2116,	132
16,	133
95,	133
315,	133
317,	133
424,	133
542,	133
578,	133
645,	133
725,	133
956,	133
1107,	133
1181,	133
1286,	133
1489,	133
1636,	133
1718,	133
2033,	133
2304,	133
2305,	133
2441,	133
2597,	133
2694,	133
2726,	133
2864,	133
3122,	133
3188,	133
113,	134
239,	135
642,	136
429,	137
586,	137
776,	137
963,	137
147,	140
42,	144
331,	144
431,	144
449,	144
525,	144
590,	144
741,	144
802,	144
823,	144
824,	144
968,	144
1125,	144
1154,	144
1267,	144
1353,	144
1393,	144
1421,	144
1587,	144
1671,	144
1742,	144
1831,	144
1894,	144
1967,	144
2065,	144
2093,	144
2215,	144
2349,	144
2403,	144
2634,	144
45,	146
91,	146
166,	146
278,	146
2191,	146
2325,	146
2371,	146
2468,	146
2548,	146
2551,	146
2613,	146
2689,	146
3002,	146
3143,	146
3215,	146
3290,	146
1305,	147
1455,	147
1618,	147
1719,	147
1865,	147
1982,	147
1983,	147
2034,	147
567,	148
50,	149
123,	149
192,	149
228,	149
2246,	149
2329,	149
2416,	149
2473,	149
2521,	149
2530,	149
2649,	149
2666,	149
2753,	149
2809,	149
2824,	149
2895,	149
2913,	149
2987,	149
3008,	149
3098,	149
3244,	149
3245,	149
3255,	149
3272,	149
1948,	150
2070,	150
72,	151
47,	153
168,	153
225,	153
435,	153
595,	153
746,	153
793,	153
1018,	153
2353,	153
2470,	153
947,	154
1104,	154
1458,	154
1823,	155
2124,	155
734,	156
773,	156
1002,	156
24,	157
92,	157
198,	157
281,	157
2182,	157
2312,	157
2362,	157
2446,	157
2542,	157
2581,	157
2596,	157
2700,	157
2767,	157
2795,	157
2938,	157
3132,	157
3170,	157
33,	160
197,	160
408,	160
2291,	160
2586,	160
2720,	160
2942,	160
3056,	160
3165,	160
913,	161
969,	161
1217,	161
1372,	161
1382,	161
1529,	161
1575,	161
1724,	161
1731,	161
1832,	161
1957,	161
2050,	161
2126,	161
2342,	161
118,	162
243,	162
344,	162
370,	162
427,	162
486,	162
583,	162
911,	162
1034,	162
1213,	162
1268,	162
1362,	162
1417,	162
1505,	162
1661,	162
1751,	162
1932,	162
2100,	162
2232,	162
2339,	162
2407,	162
2479,	162
2642,	162
32,	163
112,	163
267,	163
319,	163
538,	163
568,	163
726,	163
727,	163
839,	163
871,	163
887,	163
957,	163
1055,	163
1056,	163
1099,	163
1169,	163
1285,	163
1333,	163
1335,	163
1477,	163
1648,	163
1713,	163
1781,	163
1793,	163
1863,	163
1980,	163
2016,	163
2163,	163
2213,	163
2298,	163
2361,	163
2389,	163
2450,	163
2569,	163
2586,	163
2707,	163
2715,	163
2738,	163
2782,	163
3043,	163
3057,	163
3138,	163
3308,	163
85,	164
154,	165
257,	165
700,	165
622,	166
699,	167
1134,	167
1198,	167
1235,	167
1370,	167
20,	168
92,	168
102,	168
191,	168
298,	168
312,	168
2180,	168
2319,	168
2373,	168
2444,	168
2567,	168
2586,	168
2691,	168
2861,	168
2958,	168
3048,	168
3121,	168
3181,	168
3289,	168
59,	169
120,	169
224,	169
226,	169
350,	169
374,	169
594,	169
612,	169
744,	169
760,	169
813,	169
897,	169
1197,	169
1200,	169
1213,	169
1252,	169
1345,	169
1362,	169
1407,	169
1570,	169
1662,	169
1680,	169
1756,	169
1883,	169
1933,	169
2078,	169
2221,	169
2223,	169
2327,	169
2397,	169
2484,	169
2503,	169
2627,	169
2663,	169
2757,	169
2804,	169
2965,	169
2970,	169
3005,	169
3075,	169
3095,	169
3252,	169
3253,	169
7,	170
74,	170
297,	170
404,	170
471,	170
635,	170
720,	170
857,	170
865,	170
1093,	170
1161,	170
1275,	170
1276,	170
1442,	170
1468,	170
1469,	170
1593,	170
1594,	170
1708,	170
1787,	170
1868,	170
1986,	170
2025,	170
2170,	170
2174,	170
2318,	170
2378,	170
2536,	170
2706,	170
2773,	170
2875,	170
3115,	170
3179,	170
3194,	170
3286,	170
627,	171
719,	171
1732,	173
2051,	173
97,	175
202,	175
288,	175
310,	175
426,	175
479,	175
544,	175
579,	175
888,	175
1183,	175
1424,	175
1490,	175
1607,	175
1646,	175
1785,	175
1856,	175
1995,	175
2022,	175
2169,	175
2201,	175
2297,	175
2376,	175
2443,	175
2555,	175
2592,	175
933,	176
1067,	176
1086,	176
1087,	176
1168,	176
1322,	176
1436,	176
1437,	176
1476,	176
1485,	176
1604,	176
1234,	177
1361,	177
623,	178
1131,	178
1229,	178
1397,	178
1506,	178
1546,	178
1574,	178
1734,	178
1886,	178
1914,	178
1952,	178
2073,	178
2120,	178
488,	179
489,	179
587,	179
588,	179
665,	179
666,	179
739,	179
781,	179
892,	179
893,	179
1012,	179
1191,	179
660,	181
857,	181
953,	181
1105,	181
1307,	181
1460,	181
1721,	181
1786,	181
1867,	181
1985,	181
2035,	181
2157,	181
151,	182
167,	182
241,	182
335,	182
497,	182
609,	182
674,	182
826,	182
898,	182
973,	182
1120,	182
1211,	182
1402,	182
1507,	182
1586,	182
1679,	182
1765,	182
1822,	182
1882,	182
1953,	182
2088,	182
2101,	182
2241,	182
2326,	182
2427,	182
2471,	182
2614,	182
2662,	182
2745,	182
2819,	182
2984,	182
3003,	182
3243,	182
3270,	182
246,	186
376,	186
390,	186
438,	186
516,	186
598,	186
691,	186
796,	186
816,	186
993,	186
1021,	186
1139,	186
1202,	186
1253,	186
1349,	186
1409,	186
1511,	186
1555,	186
1571,	186
1667,	186
1682,	186
1888,	186
2080,	186
2505,	186
2618,	186
2648,	186
2972,	186
3080,	186
3221,	186
3,	190
262,	190
324,	190
463,	190
477,	190
534,	190
638,	190
639,	190
726,	190
828,	190
887,	190
1071,	190
1174,	190
1279,	190
1280,	190
1328,	190
1431,	190
1432,	190
1461,	190
1609,	190
1630,	190
1631,	190
1866,	190
1977,	190
1978,	190
2013,	190
2014,	190
2140,	190
6,	191
80,	191
207,	191
280,	191
307,	191
421,	191
467,	191
1071,	191
2193,	191
2292,	191
2372,	191
2463,	191
2553,	191
2603,	191
2690,	191
2724,	191
2925,	191
2937,	191
3038,	191
3057,	191
3131,	191
3206,	191
3308,	191
3323,	191
14,	192
17,	193
89,	193
201,	193
285,	193
309,	193
406,	193
2366,	193
2442,	193
2445,	193
2684,	193
3041,	193
3134,	193
3172,	193
3312,	193
22,	194
78,	194
205,	194
264,	194
291,	194
314,	194
407,	194
547,	194
2178,	194
2301,	194
2359,	194
2437,	194
2451,	194
2589,	194
2679,	194
2714,	194
2775,	194
2924,	194
3168,	194
3301,	194
23,	195
848,	195
29,	196
2288,	196
30,	197
81,	197
208,	197
279,	197
328,	197
403,	197
484,	197
550,	197
569,	197
655,	197
714,	197
874,	197
948,	197
1057,	197
1088,	197
1177,	197
1284,	197
2181,	197
2439,	197
2590,	197
2681,	197
2728,	197
2768,	197
2877,	197
3052,	197
3154,	197
3155,	197
3193,	197
3326,	197
34,	200
35,	201
69,	201
106,	201
111,	201
296,	201
305,	201
409,	201
530,	201
633,	201
701,	201
827,	201
863,	201
926,	201
1075,	201
1077,	201
1157,	201
1273,	201
1423,	201
1462,	201
1588,	201
1621,	201
1690,	201
1836,	201
2000,	201
2004,	201
2136,	201
2143,	201
2207,	201
2212,	201
2316,	201
2385,	201
2455,	201
2460,	201
2559,	201
2560,	201
2567,	201
2598,	201
2601,	201
2788,	201
2793,	201
2876,	201
2951,	201
2956,	201
3060,	201
3066,	201
3153,	201
3202,	201
3319,	201
3324,	201
37,	202
148,	202
158,	202
240,	202
362,	202
486,	202
583,	202
584,	202
690,	202
772,	202
810,	202
917,	202
961,	202
1017,	202
1032,	202
1133,	202
1249,	202
1369,	202
1387,	202
1401,	202
1552,	202
1568,	202
1753,	202
1906,	202
1934,	202
2076,	202
2103,	202
2490,	202
2512,	202
2624,	202
2968,	202
3106,	202
3262,	202
39,	203
2259,	203
2336,	203
2429,	203
45,	207
57,	208
60,	209
185,	209
247,	209
336,	209
692,	209
798,	209
916,	209
2247,	209
2488,	209
2532,	209
2630,	209
2674,	209
2758,	209
2797,	209
2825,	209
2838,	209
2839,	209
2915,	209
2988,	209
3031,	209
3099,	209
63,	210
89,	216
110,	218
266,	218
401,	218
481,	218
559,	218
2194,	218
2387,	218
2554,	218
2565,	218
2702,	218
2725,	218
2736,	218
2941,	218
3152,	218
3185,	218
120,	220
496,	220
946,	220
126,	222
231,	222
519,	222
2507,	222
2808,	222
129,	224
233,	224
134,	226
509,	226
685,	226
1146,	226
1261,	226
2408,	226
2625,	226
2833,	226
3089,	226
135,	227
237,	227
2235,	227
2422,	227
2514,	227
2657,	227
2813,	227
2981,	227
3091,	227
3266,	227
137,	228
238,	228
386,	228
2237,	228
2258,	228
2410,	228
146,	230
1152,	230
1263,	230
1583,	230
2421,	230
2527,	230
2830,	230
2992,	230
3105,	230
149,	231
255,	231
152,	232
256,	232
162,	234
216,	234
365,	234
490,	234
667,	234
965,	234
1113,	234
1499,	234
1654,	234
2214,	234
199,	240
31,	243
212,	243
270,	243
290,	243
2184,	243
2202,	243
2309,	243
2365,	243
2379,	243
2545,	243
2583,	243
2683,	243
2717,	243
2781,	243
2855,	243
2929,	243
3040,	243
3139,	243
3171,	243
3190,	243
214,	245
2195,	245
2303,	245
2363,	245
2682,	245
2692,	245
2779,	245
3187,	245
3295,	245
253,	249
2255,	249
204,	251
271,	251
289,	251
313,	251
399,	251
474,	251
553,	251
571,	251
658,	251
716,	251
853,	251
878,	251
951,	251
2185,	251
2584,	251
2588,	251
2718,	251
2723,	251
2772,	251
2856,	251
2934,	251
3058,	251
3123,	251
3297,	251
5,	252
190,	252
213,	252
275,	252
327,	252
531,	252
648,	252
708,	252
880,	252
955,	252
1048,	252
1049,	252
1079,	252
1080,	252
1173,	252
1858,	252
2159,	252
2287,	252
2433,	252
2452,	252
2686,	252
2727,	252
2732,	252
2943,	252
3044,	252
3141,	252
3177,	252
3312,	252
206,	253
296,	253
560,	253
652,	253
704,	253
943,	253
1044,	253
1159,	253
1294,	253
1312,	253
1334,	253
1483,	253
1619,	253
1641,	253
1697,	253
1698,	253
2211,	253
2317,	253
2370,	253
2456,	253
2776,	253
2858,	253
2869,	253
334,	259
346,	260
364,	263
48,	264
67,	264
138,	264
178,	264
244,	264
371,	264
436,	264
596,	264
672,	264
759,	264
791,	264
910,	264
1003,	264
2220,	264
2398,	264
2411,	264
2482,	264
2512,	264
2644,	264
2660,	264
2801,	264
2817,	264
2964,	264
2982,	264
3020,	264
3029,	264
3154,	264
3155,	264
3206,	264
3242,	264
3268,	264
372,	265
124,	267
229,	267
378,	267
64,	268
125,	268
182,	268
230,	268
355,	268
379,	268
452,	268
532,	268
621,	268
634,	268
764,	268
822,	268
2526,	268
2619,	268
2676,	268
2709,	268
2835,	268
2912,	268
2917,	268
2973,	268
3033,	268
3109,	268
3222,	268
3247,	268
3280,	268
128,	269
153,	269
161,	269
217,	269
353,	269
380,	269
502,	269
980,	269
1014,	269
1124,	269
1207,	269
1260,	269
1352,	269
1413,	269
1516,	269
1738,	269
1813,	269
1913,	269
1942,	269
2043,	269
2085,	269
2106,	269
2252,	269
2260,	269
2352,	269
2420,	269
2635,	269
2670,	269
2755,	269
391,	270
65,	271
142,	271
249,	271
356,	271
393,	271
439,	271
518,	271
522,	271
697,	271
761,	271
914,	271
966,	271
1013,	271
1123,	271
1143,	271
1204,	271
1257,	271
1368,	271
1392,	271
1528,	271
1577,	271
2249,	271
2344,	271
2417,	271
2465,	271
2740,	271
2759,	271
2827,	271
2879,	271
2916,	271
2918,	271
2997,	271
3114,	271
3283,	271
52,	272
143,	272
173,	272
186,	272
250,	272
347,	272
394,	272
440,	272
2250,	272
2331,	272
2418,	272
2423,	272
2475,	272
2609,	272
2650,	272
2751,	272
2808,	272
2991,	272
3102,	272
3275,	272
397,	273
398,	274
12,	275
73,	275
210,	275
276,	275
291,	275
303,	275
407,	275
566,	275
650,	275
868,	275
1052,	275
1053,	275
1095,	275
1164,	275
1165,	275
1308,	275
414,	276
2296,	276
419,	277
422,	278
2582,	278
428,	279
434,	281
434,	282
66,	283
183,	283
357,	283
451,	283
607,	283
617,	283
757,	283
763,	283
1030,	283
1359,	283
1420,	283
1582,	283
1677,	283
1688,	283
1762,	283
1763,	283
1915,	283
1917,	283
1951,	283
2123,	283
2346,	283
2494,	283
2844,	283
2908,	283
3026,	283
3239,	283
193,	284
261,	284
311,	284
460,	284
472,	284
533,	284
573,	284
2175,	284
2285,	284
2299,	284
2310,	284
2356,	284
2577,	284
2712,	284
2774,	284
2851,	284
2933,	284
3036,	284
3127,	284
3166,	284
3300,	284
469,	285
2155,	285
482,	286
482,	287
483,	288
489,	289
489,	290
498,	292
541,	293
513,	294
514,	295
2055,	295
526,	296
543,	297
646,	297
843,	297
937,	297
1060,	297
1091,	297
1171,	297
1287,	297
1326,	297
1783,	297
1784,	297
10,	298
90,	298
195,	298
277,	298
302,	298
548,	298
565,	298
636,	298
637,	298
867,	298
1162,	298
1163,	298
1277,	298
1278,	298
1470,	298
1471,	298
1628,	298
1629,	298
1711,	298
1775,	298
1776,	298
2011,	298
2012,	298
2144,	298
2289,	298
2435,	298
2539,	298
2763,	298
3118,	298
3302,	298
554,	299
582,	300
656,	302
1178,	302
2162,	302
675,	303
706,	304
718,	304
864,	304
940,	304
1046,	304
1062,	304
710,	305
1175,	305
766,	307
1388,	307
792,	308
56,	309
115,	309
180,	309
221,	309
332,	309
377,	309
432,	309
492,	309
599,	309
669,	309
750,	309
777,	309
778,	309
780,	309
784,	309
786,	309
797,	309
1203,	309
1230,	309
1237,	309
1350,	309
1513,	309
1526,	309
1547,	309
1556,	309
1659,	309
1732,	309
1825,	309
1890,	309
1956,	309
2060,	309
2125,	309
2216,	309
2335,	309
2391,	309
2485,	309
2493,	309
799,	310
800,	311
811,	312
812,	313
1136,	313
821,	314
834,	315
841,	316
883,	316
844,	317
845,	318
846,	319
850,	320
852,	321
854,	322
855,	323
857,	324
857,	325
858,	326
870,	327
873,	328
877,	329
936,	329
885,	330
887,	331
1606,	331
920,	333
922,	334
941,	336
976,	337
1022,	337
977,	338
1121,	338
991,	340
1004,	340
1023,	345
1041,	352
1047,	353
1071,	355
1073,	356
1309,	356
1079,	358
1080,	358
1097,	359
1103,	360
36,	361
132,	361
156,	361
157,	361
215,	361
329,	361
360,	361
361,	361
662,	361
735,	361
770,	361
890,	361
960,	361
1001,	361
1008,	361
1109,	361
1148,	361
1150,	361
1188,	361
1223,	361
1263,	361
1337,	361
1535,	361
1539,	361
1583,	361
1966,	361
2231,	361
2321,	361
2492,	361
2533,	361
2636,	361
2675,	361
1112,	362
44,	363
387,	363
433,	363
592,	363
593,	363
689,	363
742,	363
743,	363
809,	363
896,	363
989,	363
1015,	363
1118,	363
1209,	363
1233,	363
1248,	363
1384,	363
1520,	363
1567,	363
1683,	363
1733,	363
1119,	364
55,	365
130,	365
175,	365
234,	365
343,	365
383,	365
443,	365
504,	365
604,	365
682,	365
756,	365
804,	365
906,	365
984,	365
1027,	365
1127,	365
1208,	365
1244,	365
1355,	365
1395,	365
1517,	365
1562,	365
1674,	365
1746,	365
1818,	365
1899,	365
1947,	365
2069,	365
2114,	365
2229,	365
2334,	365
2405,	365
2478,	365
2510,	365
2623,	365
2652,	365
2897,	365
2977,	365
3014,	365
3084,	365
3227,	365
131,	366
165,	366
235,	366
333,	366
384,	366
459,	366
507,	366
562,	366
684,	366
707,	366
789,	366
790,	366
806,	366
971,	366
985,	366
1020,	366
1129,	366
1196,	366
1245,	366
1344,	366
1427,	366
1519,	366
1550,	366
1693,	366
1796,	366
1920,	366
1972,	366
2089,	366
2146,	366
2230,	366
2286,	366
2406,	366
2511,	366
2636,	366
2653,	366
2810,	366
2978,	366
3030,	366
3087,	366
3113,	366
3259,	366
3263,	366
222,	368
351,	368
494,	368
614,	368
670,	368
671,	368
817,	368
1036,	368
1140,	368
1153,	368
1215,	368
1254,	368
1266,	368
1364,	368
1410,	368
1525,	368
1533,	368
1573,	368
1585,	368
1669,	368
1740,	368
1764,	368
2340,	368
53,	369
62,	369
127,	369
251,	369
341,	369
358,	369
441,	369
448,	369
520,	369
602,	369
695,	369
754,	369
819,	369
904,	369
1025,	369
1039,	369
1144,	369
1206,	369
1241,	369
1259,	369
1366,	369
1412,	369
1579,	369
1685,	369
1743,	369
1827,	369
1828,	369
1896,	369
1911,	369
1960,	369
2129,	369
2332,	369
2419,	369
1166,	372
1167,	372
1491,	372
1179,	373
1185,	374
1186,	375
974,	376
1199,	376
1219,	377
1156,	378
1220,	378
1221,	379
1225,	380
1377,	380
1498,	380
176,	382
605,	382
907,	382
1029,	382
1231,	382
1385,	382
2135,	382
2233,	382
2409,	382
2480,	382
1247,	385
1536,	385
1725,	385
1250,	386
1265,	387
1343,	387
1288,	388
1313,	390
1336,	391
1459,	391
1339,	392
1340,	393
1376,	393
1541,	393
1726,	393
1346,	394
1351,	395
1367,	397
1414,	397
1686,	397
1375,	399
1386,	400
1391,	401
505,	402
683,	402
805,	402
982,	402
1126,	402
1243,	402
1394,	402
1673,	402
1817,	402
2118,	402
1422,	405
1439,	406
1479,	406
1492,	407
1497,	408
1508,	411
523,	414
606,	414
615,	414
634,	414
762,	414
833,	414
915,	414
928,	414
1078,	414
1274,	414
1530,	414
1592,	414
1839,	414
1961,	414
1540,	416
1545,	418
1357,	419
1416,	419
1524,	419
1551,	419
1558,	420
1569,	421
1605,	422
1617,	422
1703,	422
1610,	424
1620,	425
1635,	427
1637,	427
1701,	427
1704,	427
1852,	427
1853,	427
2020,	427
2021,	427
1639,	428
1650,	429
1653,	430
1735,	430
1737,	430
1658,	431
1664,	433
1665,	434
1696,	437
1789,	437
1842,	437
1843,	437
1989,	437
2037,	437
2161,	437
1720,	438
1723,	439
1727,	440
1730,	441
1736,	441
1752,	442
1779,	443
1835,	443
2152,	443
2153,	443
1788,	444
1804,	445
1884,	445
1904,	445
1805,	446
1807,	446
1964,	446
1806,	447
1814,	448
1895,	448
1940,	448
2064,	448
2109,	448
1824,	449
1891,	449
1955,	449
2061,	449
1829,	450
2917,	450
1840,	451
1841,	451
1987,	451
1998,	451
2026,	451
2147,	451
1848,	452
1869,	453
1999,	453
1877,	454
2095,	454
1879,	455
1885,	456
1887,	457
1924,	457
1916,	461
1921,	462
1925,	463
1981,	464
2154,	464
1993,	466
2008,	467
2017,	468
2029,	470
2039,	471
2042,	472
2046,	474
2052,	474
2097,	474
2053,	475
2054,	476
2056,	477
2075,	478
2102,	478
2079,	479
2090,	480
2091,	481
2117,	482
2167,	483
1,	484
110,	484
192,	484
260,	484
322,	484
1,	485
1,	486
112,	486
1,	487
187,	487
292,	487
2532,	487
1,	488
1,	489
3,	491
2210,	491
2146,	492
3,	493
70,	493
2210,	493
2459,	493
3,	494
77,	494
195,	494
2177,	494
3,	495
2178,	495
3,	496
263,	496
266,	496
566,	496
2210,	496
3,	497
2186,	497
4,	498
2291,	498
4,	499
71,	499
2211,	499
2319,	499
2358,	499
4,	500
71,	500
4,	501
190,	501
529,	501
4,	502
71,	502
110,	502
189,	502
2297,	502
2364,	502
5,	503
5,	504
5,	505
110,	505
5,	506
2222,	506
2325,	506
5,	507
5,	508
2212,	508
7,	509
7,	510
74,	510
7,	511
7,	512
74,	512
190,	512
7,	513
74,	513
190,	513
326,	513
2174,	513
7,	514
74,	514
2174,	514
8,	515
8,	516
9,	517
10,	518
2177,	518
10,	519
2178,	519
10,	520
11,	521
266,	521
11,	522
109,	522
188,	522
2210,	522
12,	523
2209,	523
12,	524
13,	525
13,	526
13,	527
13,	528
2181,	528
14,	529
3170,	529
3291,	529
15,	530
16,	532
108,	532
189,	532
16,	533
542,	533
645,	533
17,	534
17,	535
17,	536
18,	537
2186,	537
2297,	537
18,	538
110,	538
189,	538
2583,	538
2683,	538
2874,	538
2929,	538
3065,	538
3324,	538
18,	539
2183,	539
2364,	539
18,	540
29,	541
36,	542
36,	543
37,	545
2232,	545
37,	546
428,	546
491,	546
581,	546
37,	547
2232,	547
37,	548
2232,	548
39,	549
155,	549
2259,	549
39,	550
1011,	550
39,	551
39,	552
2260,	552
2326,	552
39,	553
39,	554
155,	554
344,	554
2390,	554
2464,	554
2498,	554
2635,	554
2642,	554
2747,	554
2996,	554
39,	555
40,	556
40,	557
40,	558
219,	558
40,	559
364,	559
429,	559
41,	560
41,	562
113,	562
157,	562
2321,	562
42,	563
2215,	563
2322,	563
42,	564
42,	565
2215,	565
2465,	565
2499,	565
42,	566
590,	566
896,	566
2221,	566
43,	567
44,	568
2964,	568
44,	569
2219,	569
45,	570
45,	571
45,	572
45,	573
46,	574
161,	574
47,	575
48,	576
49,	577
50,	578
2340,	578
50,	579
51,	580
52,	581
2246,	581
52,	582
52,	583
259,	583
53,	584
127,	584
54,	585
54,	586
54,	587
2227,	587
55,	588
68,	589
74,	589
192,	589
2174,	589
58,	590
66,	591
2512,	591
69,	593
70,	594
2295,	594
2357,	594
70,	595
70,	597
111,	597
189,	597
326,	597
70,	598
109,	598
2210,	598
2316,	598
71,	603
327,	603
527,	603
72,	604
188,	604
72,	605
72,	606
2212,	606
72,	607
74,	609
260,	609
75,	613
192,	613
1592,	613
75,	614
193,	614
261,	614
76,	615
830,	615
859,	615
76,	616
77,	617
188,	617
2358,	617
77,	618
263,	618
77,	619
77,	620
849,	620
1279,	620
1280,	620
78,	621
78,	622
78,	623
200,	623
78,	624
865,	624
1054,	624
1078,	624
79,	625
80,	626
2547,	626
80,	627
2181,	627
80,	628
196,	628
80,	629
188,	629
81,	630
279,	630
81,	631
2192,	631
82,	632
82,	633
83,	634
303,	634
462,	634
2186,	634
83,	635
16,	636
84,	636
200,	636
323,	636
715,	636
2206,	636
84,	637
84,	638
200,	638
270,	638
308,	638
2365,	638
85,	639
85,	640
85,	641
85,	642
190,	642
297,	642
86,	643
2443,	643
86,	644
86,	645
86,	646
87,	647
635,	647
108,	649
207,	649
465,	649
633,	649
2182,	649
108,	650
187,	650
292,	650
108,	651
108,	652
187,	652
108,	653
272,	653
109,	654
109,	655
1271,	655
1274,	655
109,	656
188,	656
109,	657
188,	657
1073,	657
2955,	657
109,	658
109,	659
188,	659
109,	660
188,	660
295,	660
325,	660
110,	662
322,	662
110,	664
110,	667
326,	667
110,	668
111,	669
111,	670
2184,	670
2388,	670
2602,	670
2950,	670
3126,	670
111,	671
187,	671
297,	671
327,	671
2287,	671
2356,	671
111,	672
111,	673
111,	674
113,	676
258,	676
330,	676
113,	677
113,	678
161,	678
113,	680
114,	681
163,	681
114,	682
171,	682
114,	683
163,	683
2918,	683
114,	684
115,	685
219,	685
332,	685
117,	686
160,	686
118,	688
119,	689
165,	689
2967,	689
120,	690
120,	691
120,	692
201,	692
121,	693
123,	694
124,	695
494,	695
125,	696
126,	697
504,	698
666,	698
733,	698
735,	698
126,	699
128,	701
128,	702
128,	703
2622,	703
129,	704
2479,	704
129,	705
130,	706
131,	707
2230,	707
133,	709
158,	709
133,	710
133,	711
133,	712
158,	712
135,	713
155,	715
2806,	715
3070,	715
155,	717
259,	717
155,	718
216,	718
155,	719
155,	720
156,	721
156,	722
163,	722
2171,	723
2428,	723
2811,	723
2171,	724
2171,	725
187,	727
187,	729
187,	730
2209,	730
189,	731
189,	733
2387,	733
190,	737
2316,	737
190,	738
190,	739
191,	740
298,	740
192,	742
126,	743
192,	743
192,	744
192,	745
192,	746
193,	747
194,	748
195,	749
196,	751
264,	751
322,	751
2540,	751
197,	752
197,	753
198,	754
198,	755
198,	756
2292,	756
2361,	756
198,	757
198,	758
199,	759
201,	761
202,	764
202,	765
202,	766
297,	766
206,	767
2578,	767
157,	768
158,	769
236,	769
158,	770
2979,	770
158,	771
160,	772
160,	773
160,	774
160,	776
258,	776
363,	776
161,	777
2618,	777
162,	779
216,	779
490,	779
162,	780
162,	781
163,	782
164,	783
118,	784
165,	784
132,	785
166,	785
166,	786
166,	787
166,	788
166,	789
166,	790
167,	791
167,	792
168,	793
225,	793
595,	793
169,	794
170,	795
171,	796
172,	797
2609,	797
173,	798
173,	799
173,	800
174,	801
174,	802
232,	802
174,	803
174,	804
175,	805
2477,	805
177,	806
2492,	806
178,	807
215,	808
215,	809
662,	809
663,	809
216,	810
216,	811
217,	813
217,	814
331,	814
217,	815
217,	816
218,	817
489,	817
738,	817
785,	817
221,	819
2247,	819
222,	820
333,	820
222,	821
2219,	821
223,	822
224,	823
344,	823
362,	823
224,	824
224,	825
226,	826
228,	827
231,	828
340,	828
2918,	828
231,	829
231,	830
359,	830
1123,	830
232,	831
232,	833
233,	834
234,	835
236,	836
236,	837
236,	838
236,	839
360,	839
237,	840
246,	841
247,	842
250,	843
380,	843
253,	844
2392,	844
258,	845
336,	845
258,	846
258,	847
258,	848
259,	849
259,	850
337,	850
259,	851
259,	853
259,	854
260,	855
260,	856
260,	857
299,	857
260,	858
299,	858
260,	859
260,	860
299,	860
260,	861
299,	861
261,	862
261,	863
262,	864
263,	866
263,	867
529,	867
558,	867
263,	869
264,	870
264,	871
929,	871
264,	872
266,	873
267,	875
2361,	875
2795,	875
268,	876
269,	877
647,	877
269,	878
325,	878
270,	879
201,	880
271,	880
271,	881
2584,	881
271,	882
578,	882
272,	883
478,	883
551,	883
272,	884
305,	884
468,	884
539,	884
275,	885
2431,	885
292,	886
322,	886
292,	887
322,	887
292,	888
292,	889
293,	890
703,	890
294,	891
567,	891
640,	891
295,	892
295,	893
295,	894
326,	894
456,	894
529,	894
558,	894
295,	895
325,	895
295,	896
326,	896
295,	897
295,	898
295,	899
296,	900
296,	901
326,	901
296,	902
296,	903
326,	903
296,	904
2317,	904
296,	905
302,	905
297,	906
297,	907
297,	908
297,	909
330,	910
330,	911
331,	912
331,	913
384,	913
666,	913
1242,	913
331,	914
332,	915
333,	917
670,	917
789,	917
334,	918
585,	918
751,	918
1228,	918
1671,	918
334,	919
334,	920
338,	923
338,	924
339,	925
340,	926
340,	927
341,	928
363,	928
434,	928
2332,	928
2506,	928
342,	929
342,	930
342,	931
342,	932
1017,	932
343,	933
442,	933
344,	934
344,	935
2407,	935
346,	937
348,	938
495,	938
498,	938
359,	939
429,	939
359,	940
2467,	940
360,	942
488,	942
592,	942
360,	943
360,	945
299,	946
299,	947
2436,	947
299,	948
300,	949
301,	950
302,	951
302,	952
303,	953
303,	954
304,	955
305,	956
266,	957
305,	957
306,	958
307,	959
462,	959
308,	960
2317,	960
2357,	960
2441,	960
309,	961
309,	962
310,	963
310,	964
311,	965
318,	966
628,	966
322,	967
324,	968
325,	969
325,	970
325,	971
325,	972
325,	973
325,	974
2295,	974
325,	975
457,	975
326,	977
327,	978
327,	979
327,	980
327,	981
458,	981
327,	982
327,	983
327,	984
328,	985
328,	986
465,	986
476,	986
542,	986
570,	986
643,	986
712,	986
361,	987
362,	988
427,	988
362,	989
486,	989
362,	990
362,	991
363,	992
430,	992
363,	993
430,	993
363,	994
363,	995
615,	995
363,	996
963,	997
1015,	997
364,	998
365,	999
365,	1000
490,	1000
365,	1001
366,	1002
366,	1003
431,	1003
367,	1004
369,	1006
370,	1007
427,	1007
587,	1007
371,	1008
372,	1009
665,	1009
372,	1010
432,	1010
373,	1011
428,	1011
374,	1012
2500,	1012
375,	1013
376,	1014
503,	1014
376,	1015
378,	1016
380,	1016
379,	1017
2465,	1017
379,	1018
380,	1019
391,	1019
381,	1020
381,	1021
381,	1022
382,	1023
504,	1023
681,	1023
803,	1023
906,	1023
383,	1024
385,	1025
390,	1026
427,	1027
1118,	1027
427,	1028
427,	1030
429,	1031
429,	1032
430,	1033
431,	1034
431,	1035
431,	1036
432,	1037
433,	1038
433,	1039
435,	1040
436,	1041
437,	1042
438,	1043
438,	1044
668,	1044
740,	1044
439,	1045
440,	1046
440,	1047
2064,	1047
2065,	1047
440,	1048
441,	1049
442,	1050
442,	1051
442,	1052
443,	1053
446,	1054
447,	1055
496,	1055
594,	1055
450,	1056
451,	1057
452,	1058
455,	1059
455,	1060
558,	1060
624,	1060
455,	1061
455,	1062
455,	1063
455,	1064
455,	1065
456,	1066
1171,	1066
456,	1067
527,	1067
559,	1067
560,	1067
456,	1068
531,	1068
557,	1068
625,	1068
628,	1068
701,	1068
827,	1068
859,	1068
456,	1069
633,	1069
701,	1069
827,	1069
456,	1070
456,	1071
456,	1072
572,	1072
1061,	1072
1079,	1072
456,	1073
457,	1074
457,	1075
711,	1075
457,	1076
457,	1077
530,	1077
566,	1077
458,	1078
705,	1078
458,	1079
458,	1080
531,	1080
458,	1081
458,	1082
458,	1083
458,	1084
459,	1085
459,	1086
459,	1087
459,	1088
562,	1088
459,	1089
459,	1090
460,	1091
531,	1091
561,	1091
2851,	1091
3026,	1091
460,	1092
533,	1092
461,	1093
462,	1094
462,	1095
463,	1096
562,	1096
463,	1097
2709,	1097
463,	1098
463,	1099
463,	1100
464,	1101
465,	1102
465,	1103
466,	1104
538,	1104
568,	1104
874,	1104
1055,	1104
1056,	1104
1076,	1104
467,	1105
933,	1105
1058,	1105
1086,	1105
1087,	1105
468,	1106
469,	1107
530,	1107
559,	1107
560,	1107
847,	1107
848,	1107
469,	1108
561,	1108
469,	1109
470,	1110
470,	1111
472,	1112
928,	1112
483,	1113
540,	1113
839,	1113
871,	1113
872,	1113
527,	1114
558,	1114
527,	1115
527,	1116
557,	1116
528,	1117
629,	1117
829,	1117
529,	1118
529,	1119
529,	1120
529,	1121
631,	1121
703,	1121
529,	1122
544,	1122
559,	1122
560,	1122
632,	1122
703,	1122
830,	1122
859,	1122
530,	1123
631,	1123
1427,	1123
530,	1124
530,	1125
559,	1125
560,	1125
626,	1125
530,	1126
531,	1127
558,	1127
625,	1127
631,	1127
531,	1128
562,	1128
633,	1128
635,	1128
718,	1128
719,	1128
531,	1129
531,	1130
531,	1131
1079,	1131
1080,	1131
531,	1132
561,	1132
843,	1132
865,	1132
928,	1132
532,	1133
562,	1133
532,	1134
532,	1135
532,	1136
532,	1137
628,	1137
532,	1138
533,	1139
634,	1139
833,	1139
1082,	1139
534,	1140
638,	1140
639,	1140
927,	1140
535,	1142
535,	1143
559,	1143
536,	1144
559,	1144
560,	1144
631,	1144
701,	1144
2458,	1144
2540,	1144
2601,	1144
536,	1145
566,	1145
2320,	1145
2363,	1145
537,	1146
627,	1146
638,	1146
639,	1146
708,	1146
538,	1147
568,	1147
641,	1147
712,	1147
538,	1148
569,	1148
538,	1149
568,	1149
630,	1149
539,	1150
714,	1150
541,	1151
543,	1152
566,	1152
543,	1153
544,	1154
704,	1154
549,	1155
866,	1155
928,	1155
550,	1156
556,	1158
485,	1159
770,	1159
889,	1159
890,	1159
1033,	1159
485,	1160
581,	1160
486,	1162
486,	1163
583,	1163
584,	1163
486,	1164
486,	1165
486,	1166
753,	1166
486,	1168
427,	1169
486,	1169
486,	1170
487,	1171
487,	1172
487,	1173
488,	1174
488,	1175
489,	1176
489,	1177
489,	1178
489,	1179
490,	1180
491,	1181
492,	1182
1729,	1182
1730,	1182
367,	1183
434,	1183
492,	1183
608,	1183
493,	1184
494,	1185
596,	1185
494,	1186
494,	1187
496,	1188
496,	1189
335,	1190
497,	1190
2220,	1190
499,	1191
1192,	1191
500,	1192
500,	1193
677,	1193
750,	1193
798,	1193
799,	1193
976,	1193
501,	1194
585,	1194
736,	1194
502,	1195
585,	1195
502,	1196
503,	1197
503,	1198
507,	1200
510,	1201
511,	1202
676,	1202
782,	1202
514,	1203
516,	1204
518,	1205
519,	1206
519,	1207
522,	1208
557,	1210
557,	1211
557,	1212
624,	1212
557,	1213
557,	1214
558,	1215
558,	1216
558,	1217
631,	1217
558,	1218
558,	1219
625,	1219
628,	1219
558,	1220
559,	1221
560,	1221
626,	1221
559,	1222
560,	1222
535,	1223
561,	1223
561,	1224
863,	1224
561,	1225
561,	1226
843,	1226
562,	1227
562,	1228
562,	1229
634,	1229
707,	1229
562,	1230
563,	1231
563,	1232
1079,	1232
1080,	1232
1271,	1232
564,	1233
564,	1234
568,	1235
641,	1235
569,	1237
839,	1237
1836,	1237
1969,	1237
571,	1238
571,	1239
572,	1240
573,	1241
574,	1242
580,	1243
580,	1244
703,	1244
844,	1244
938,	1244
581,	1245
581,	1246
583,	1247
584,	1247
665,	1247
737,	1247
776,	1247
920,	1247
962,	1247
583,	1248
585,	1249
585,	1250
586,	1251
1116,	1251
1195,	1251
586,	1252
586,	1253
587,	1254
587,	1255
587,	1256
666,	1256
587,	1257
588,	1258
588,	1259
739,	1259
486,	1260
588,	1260
589,	1261
590,	1262
590,	1263
591,	1264
674,	1264
591,	1265
592,	1266
593,	1267
594,	1268
1211,	1268
597,	1271
598,	1272
598,	1273
598,	1274
976,	1274
599,	1275
787,	1275
901,	1275
977,	1275
1022,	1275
1203,	1275
2508,	1275
600,	1276
600,	1277
601,	1278
811,	1278
812,	1278
601,	1279
679,	1279
602,	1280
603,	1282
603,	1283
604,	1284
756,	1284
606,	1285
607,	1286
2972,	1286
609,	1287
610,	1288
617,	1289
621,	1290
624,	1291
632,	1291
701,	1291
827,	1291
625,	1292
626,	1293
626,	1294
626,	1295
627,	1296
638,	1296
639,	1296
705,	1296
830,	1296
628,	1297
703,	1297
628,	1298
1089,	1298
628,	1299
2008,	1299
629,	1300
726,	1300
731,	1300
629,	1301
631,	1302
631,	1303
631,	1305
703,	1305
632,	1306
632,	1307
632,	1308
701,	1308
827,	1308
633,	1309
633,	1310
633,	1311
633,	1312
705,	1312
633,	1313
704,	1313
634,	1314
634,	1315
707,	1315
634,	1316
634,	1317
634,	1318
634,	1319
634,	1320
707,	1320
833,	1320
931,	1320
1043,	1320
1076,	1320
1160,	1320
636,	1321
637,	1321
704,	1321
636,	1322
641,	1323
641,	1324
642,	1325
713,	1325
644,	1326
645,	1327
875,	1327
876,	1327
877,	1327
1717,	1327
646,	1328
711,	1328
712,	1328
836,	1328
646,	1329
647,	1330
647,	1332
648,	1333
708,	1333
832,	1333
863,	1333
652,	1334
662,	1335
663,	1335
802,	1335
662,	1336
663,	1336
662,	1337
663,	1337
770,	1337
771,	1337
889,	1337
890,	1337
664,	1338
733,	1338
735,	1338
664,	1339
742,	1339
789,	1339
896,	1339
961,	1339
1015,	1339
1118,	1339
1196,	1339
665,	1340
738,	1340
2475,	1340
2507,	1340
665,	1341
665,	1342
665,	1343
665,	1344
666,	1345
738,	1345
666,	1346
667,	1347
667,	1348
667,	1349
668,	1350
668,	1351
669,	1352
669,	1353
741,	1353
669,	1354
670,	1355
794,	1355
672,	1356
673,	1357
674,	1358
1233,	1358
675,	1359
747,	1359
961,	1359
676,	1360
677,	1361
678,	1362
679,	1363
679,	1364
752,	1364
680,	1365
755,	1365
680,	1366
680,	1367
682,	1368
684,	1369
736,	1369
775,	1369
686,	1370
691,	1371
692,	1372
694,	1373
801,	1373
699,	1374
701,	1375
701,	1376
702,	1377
715,	1377
857,	1377
860,	1377
875,	1377
876,	1377
936,	1377
1042,	1377
1074,	1377
1170,	1377
1324,	1377
1325,	1377
1438,	1377
1478,	1377
703,	1379
1075,	1379
704,	1380
704,	1381
704,	1382
830,	1382
861,	1382
704,	1383
879,	1383
1694,	1383
1695,	1383
1769,	1383
704,	1384
705,	1385
827,	1385
705,	1386
707,	1387
707,	1388
938,	1388
707,	1389
707,	1390
708,	1391
710,	1392
710,	1393
710,	1394
832,	1394
712,	1396
871,	1396
872,	1396
933,	1396
1055,	1396
1056,	1396
1157,	1396
712,	1397
712,	1398
715,	1399
842,	1399
716,	1400
716,	1401
716,	1402
733,	1403
735,	1403
733,	1404
735,	1404
775,	1404
736,	1405
736,	1406
737,	1407
739,	1408
739,	1409
739,	1410
740,	1411
740,	1412
740,	1413
740,	1414
741,	1415
742,	1416
742,	1417
743,	1418
744,	1419
744,	1420
745,	1420
745,	1421
786,	1421
595,	1422
746,	1422
793,	1422
749,	1423
749,	1424
752,	1425
753,	1425
752,	1426
753,	1426
752,	1427
754,	1428
800,	1428
902,	1428
2996,	1428
755,	1429
755,	1430
755,	1431
757,	1432
758,	1433
791,	1433
759,	1434
781,	1434
762,	1435
764,	1436
827,	1437
859,	1437
830,	1438
830,	1439
830,	1440
1158,	1440
1310,	1440
1423,	1440
830,	1441
1287,	1441
1326,	1441
830,	1442
861,	1442
830,	1443
831,	1444
1072,	1444
1092,	1444
831,	1445
862,	1445
831,	1446
831,	1447
861,	1447
925,	1447
1043,	1447
1075,	1447
1158,	1447
831,	1448
861,	1448
926,	1448
831,	1449
832,	1450
832,	1451
865,	1451
832,	1452
1768,	1452
1968,	1452
832,	1453
862,	1453
833,	1454
833,	1455
833,	1456
833,	1457
833,	1458
833,	1459
834,	1460
835,	1461
836,	1462
862,	1462
836,	1463
925,	1463
836,	1464
836,	1465
836,	1466
837,	1467
837,	1469
929,	1469
837,	1470
837,	1471
837,	1472
838,	1473
867,	1473
1425,	1473
839,	1474
840,	1475
841,	1476
862,	1476
842,	1477
1689,	1477
842,	1478
843,	1479
844,	1480
844,	1481
845,	1482
845,	1483
845,	1484
845,	1485
847,	1486
847,	1487
848,	1488
857,	1489
770,	1490
773,	1491
775,	1492
775,	1493
895,	1493
1011,	1493
1112,	1493
1190,	1493
775,	1494
777,	1494
778,	1494
779,	1494
780,	1494
1550,	1494
1551,	1494
776,	1495
893,	1495
777,	1496
778,	1496
779,	1496
780,	1496
777,	1497
778,	1497
780,	1497
777,	1498
777,	1499
778,	1499
779,	1499
780,	1499
779,	1500
780,	1501
781,	1503
891,	1503
783,	1504
783,	1505
784,	1505
894,	1505
783,	1506
783,	1507
894,	1507
783,	1508
784,	1508
894,	1508
783,	1509
894,	1509
966,	1509
790,	1510
792,	1511
795,	1512
795,	1513
796,	1514
796,	1515
801,	1516
962,	1516
802,	1517
804,	1518
966,	1518
804,	1519
806,	1520
903,	1520
807,	1521
810,	1522
816,	1523
1202,	1523
818,	1524
1124,	1524
889,	1525
890,	1525
889,	1526
890,	1526
891,	1527
892,	1528
2172,	1529
2172,	1530
962,	1531
964,	1531
2172,	1531
2172,	1532
893,	1533
965,	1533
1025,	1533
895,	1534
896,	1535
1663,	1535
897,	1536
1016,	1536
1113,	1536
1197,	1536
897,	1537
899,	1538
900,	1539
901,	1540
903,	1541
904,	1542
905,	1543
905,	1544
905,	1545
908,	1547
910,	1548
859,	1549
859,	1550
922,	1550
924,	1550
1041,	1550
1076,	1550
859,	1551
861,	1552
861,	1553
861,	1554
925,	1554
861,	1555
862,	1556
862,	1557
863,	1558
863,	1560
864,	1561
865,	1562
865,	1563
865,	1564
865,	1565
866,	1566
1693,	1566
1772,	1566
866,	1567
710,	1568
867,	1568
867,	1569
868,	1570
868,	1571
868,	1572
869,	1573
870,	1573
871,	1574
872,	1574
871,	1575
872,	1575
1086,	1575
1087,	1575
873,	1576
934,	1576
875,	1577
876,	1577
877,	1577
878,	1578
878,	1579
878,	1580
879,	1581
880,	1582
921,	1583
922,	1584
926,	1584
923,	1585
923,	1586
926,	1586
1044,	1586
1073,	1586
1157,	1586
960,	1587
960,	1588
1008,	1588
1009,	1588
960,	1589
1223,	1589
1535,	1589
960,	1590
962,	1591
963,	1592
964,	1593
1012,	1593
964,	1594
965,	1595
965,	1596
966,	1597
967,	1599
1196,	1599
1224,	1599
1338,	1599
968,	1600
968,	1601
1115,	1601
1193,	1601
971,	1602
1010,	1602
972,	1603
974,	1604
978,	1606
979,	1607
980,	1608
980,	1609
1023,	1609
1191,	1609
981,	1610
981,	1611
981,	1612
982,	1613
983,	1614
1019,	1614
1200,	1614
984,	1615
993,	1616
1021,	1616
1725,	1616
1731,	1616
1795,	1616
1796,	1616
1797,	1616
1798,	1616
996,	1617
1006,	1618
924,	1619
924,	1620
924,	1621
1078,	1621
631,	1622
703,	1622
830,	1622
861,	1622
925,	1622
1043,	1622
1075,	1622
1158,	1622
2138,	1622
925,	1623
1043,	1623
1075,	1623
1158,	1623
925,	1624
1043,	1624
926,	1625
926,	1626
1072,	1626
927,	1627
927,	1628
1045,	1628
928,	1629
928,	1630
928,	1631
928,	1632
1041,	1632
928,	1633
928,	1634
929,	1635
929,	1636
1079,	1636
1080,	1636
930,	1637
1050,	1637
1051,	1637
930,	1638
930,	1639
1050,	1639
1051,	1639
930,	1640
931,	1641
932,	1642
1052,	1642
1053,	1642
1279,	1642
1280,	1642
933,	1643
935,	1644
935,	1645
935,	1646
936,	1647
937,	1648
937,	1649
941,	1650
941,	1651
942,	1652
945,	1653
953,	1654
1105,	1654
1041,	1655
1041,	1656
1041,	1657
1073,	1657
1043,	1658
1043,	1659
1431,	1659
1043,	1660
1044,	1661
1044,	1662
1044,	1663
1079,	1663
1080,	1663
1276,	1663
1314,	1663
1315,	1663
1044,	1664
1044,	1665
1045,	1667
1077,	1667
1047,	1668
1047,	1669
1047,	1670
1047,	1671
1047,	1672
523,	1673
1047,	1673
1048,	1674
1049,	1674
1048,	1675
1049,	1675
1079,	1675
1080,	1675
1048,	1676
1049,	1676
1049,	1677
1052,	1678
1053,	1678
1055,	1679
1056,	1679
1076,	1679
1159,	1679
1057,	1680
1059,	1681
1090,	1681
1060,	1682
1060,	1683
1061,	1684
1063,	1685
1065,	1686
1067,	1687
1177,	1687
1069,	1688
1102,	1688
1170,	1688
1324,	1688
1325,	1688
1438,	1688
1008,	1689
1009,	1689
1008,	1690
1009,	1690
1223,	1690
1009,	1691
1010,	1693
1011,	1694
1012,	1695
1109,	1695
1110,	1695
1191,	1695
1226,	1695
1340,	1695
1541,	1695
1012,	1696
1013,	1697
966,	1698
1013,	1698
1014,	1699
1014,	1700
1018,	1701
1199,	1701
1020,	1702
1021,	1703
1023,	1704
1024,	1705
1024,	1706
1026,	1707
1026,	1708
1026,	1709
1027,	1710
1028,	1711
1030,	1712
1030,	1713
1031,	1714
1126,	1714
1034,	1715
1036,	1716
1038,	1717
1204,	1717
1109,	1718
1110,	1718
1188,	1718
1111,	1719
1749,	1719
1010,	1720
1111,	1720
1224,	1720
1340,	1720
2532,	1720
1112,	1721
1190,	1721
1113,	1722
1113,	1723
1114,	1724
1115,	1725
1205,	1725
1115,	1726
1193,	1726
1116,	1727
1504,	1727
1119,	1728
1120,	1729
1233,	1729
1344,	1729
1121,	1730
1242,	1730
1540,	1730
1122,	1731
1124,	1732
1205,	1732
1125,	1733
1125,	1734
1125,	1735
1744,	1735
1127,	1736
1129,	1737
1131,	1738
1134,	1739
1139,	1740
1140,	1741
1215,	1741
1143,	1742
1147,	1743
1151,	1744
1075,	1745
1075,	1746
1076,	1748
1158,	1748
1077,	1750
1160,	1750
1078,	1751
1078,	1752
1078,	1753
1078,	1754
1078,	1755
1078,	1756
1161,	1756
1082,	1757
1082,	1758
1082,	1759
1083,	1761
1084,	1761
1172,	1761
1083,	1762
1084,	1762
1088,	1765
1166,	1765
1167,	1765
1284,	1765
1448,	1765
1602,	1765
1603,	1765
1089,	1766
1090,	1767
1091,	1768
1171,	1768
1092,	1769
1093,	1770
1095,	1771
1096,	1772
1097,	1773
1314,	1773
1315,	1773
1157,	1774
1157,	1775
1075,	1776
1158,	1776
1310,	1776
1632,	1776
1633,	1776
1699,	1776
1700,	1776
1768,	1776
1158,	1777
1159,	1778
1159,	1779
1294,	1779
1159,	1781
1271,	1781
1160,	1782
1161,	1783
1161,	1784
1161,	1785
1593,	1785
1594,	1785
1161,	1786
1161,	1787
1161,	1788
1427,	1788
1592,	1788
1162,	1789
1163,	1789
1162,	1790
1163,	1790
1164,	1791
1165,	1791
1164,	1792
1165,	1792
1166,	1793
1167,	1793
1168,	1794
1323,	1794
1169,	1795
1436,	1795
1173,	1796
1174,	1797
1188,	1798
1351,	1798
1188,	1799
1189,	1800
1189,	1801
1192,	1802
1341,	1802
1193,	1803
1193,	1804
1228,	1804
1816,	1804
1193,	1805
1194,	1806
1195,	1807
1196,	1808
1344,	1808
1198,	1809
1201,	1810
1250,	1810
1360,	1810
1657,	1810
1665,	1810
1202,	1811
1238,	1811
1206,	1812
1207,	1813
1207,	1814
1207,	1815
1208,	1816
1208,	1817
1210,	1818
1225,	1818
1212,	1819
1361,	1819
1524,	1819
1218,	1820
1338,	1820
1219,	1821
1223,	1822
1337,	1822
1225,	1824
1339,	1824
1226,	1825
1226,	1826
1227,	1827
1228,	1828
1228,	1829
1342,	1829
1228,	1830
1342,	1830
1230,	1831
1343,	1831
1231,	1832
1234,	1833
1235,	1834
1236,	1835
1236,	1836
1352,	1836
1237,	1837
1239,	1838
1240,	1839
1240,	1840
1240,	1841
1241,	1842
1242,	1843
1243,	1844
1244,	1845
1352,	1845
1245,	1846
1253,	1848
1353,	1848
1262,	1849
1262,	1850
1270,	1851
1309,	1851
1270,	1852
1270,	1853
1309,	1853
1271,	1854
1311,	1854
1271,	1855
1315,	1855
1272,	1856
1310,	1856
1272,	1857
1589,	1857
1689,	1857
1768,	1857
1272,	1858
1273,	1859
1312,	1859
1273,	1860
1273,	1861
1273,	1862
1310,	1862
1470,	1862
1471,	1862
1273,	1863
1425,	1863
1465,	1863
1274,	1864
1313,	1864
1274,	1865
1274,	1866
1274,	1867
1313,	1867
1275,	1868
1276,	1868
1275,	1869
1276,	1869
1427,	1869
1467,	1869
1275,	1870
1276,	1872
1276,	1873
1277,	1874
1278,	1874
1311,	1874
1277,	1875
1278,	1875
1316,	1875
1317,	1875
1279,	1876
1280,	1876
1279,	1877
1280,	1877
1316,	1877
1317,	1877
1281,	1878
1600,	1878
1601,	1878
1282,	1879
1282,	1880
1283,	1880
1311,	1880
1434,	1880
1285,	1881
1322,	1881
1286,	1882
1286,	1883
1310,	1883
1454,	1883
1703,	1883
1288,	1884
1288,	1885
1290,	1886
1291,	1887
1296,	1888
1298,	1889
1331,	1889
1848,	1889
1971,	1889
1309,	1890
1310,	1891
1442,	1891
1310,	1892
1310,	1893
1312,	1895
1312,	1896
1432,	1896
1313,	1897
1313,	1898
1772,	1898
1973,	1898
1974,	1898
2148,	1898
1313,	1899
1314,	1901
1315,	1901
1318,	1902
1319,	1902
1433,	1902
1318,	1903
1319,	1903
1318,	1904
1319,	1904
1320,	1905
1321,	1905
1320,	1906
1321,	1906
1327,	1907
1329,	1908
1337,	1910
1339,	1912
1340,	1913
1341,	1914
1341,	1915
1341,	1916
1342,	1917
1814,	1917
1342,	1918
1342,	1919
1722,	1919
1723,	1919
1795,	1919
1797,	1919
1345,	1920
1346,	1921
1347,	1922
1348,	1923
1349,	1924
1349,	1925
1351,	1926
1352,	1927
1353,	1928
1353,	1929
1357,	1930
1359,	1931
1423,	1933
1423,	1934
1423,	1935
1424,	1936
1424,	1937
1424,	1938
1437,	1938
1465,	1938
1424,	1939
1424,	1940
1424,	1941
1425,	1942
1425,	1944
1427,	1945
1427,	1946
1427,	1947
1467,	1947
1313,	1948
1427,	1948
1427,	1949
1428,	1950
1428,	1951
1429,	1952
1430,	1953
1435,	1954
1474,	1954
1475,	1954
1439,	1955
1440,	1956
1443,	1957
1445,	1958
1446,	1959
1447,	1960
1462,	1961
1462,	1962
1462,	1963
1588,	1963
1463,	1964
1464,	1965
1464,	1966
1464,	1967
1464,	1968
1589,	1968
1705,	1968
1968,	1968
2022,	1968
2139,	1968
2140,	1968
1464,	1969
1464,	1970
1464,	1971
1465,	1972
1591,	1972
1624,	1972
1425,	1974
1465,	1974
1466,	1975
1466,	1976
1466,	1977
1467,	1978
1467,	1979
1467,	1980
1467,	1981
1467,	1982
1467,	1985
1467,	1986
1467,	1987
1468,	1988
1469,	1988
1594,	1988
1468,	1990
1468,	1991
1469,	1991
1469,	1992
1470,	1993
1471,	1993
1472,	1994
1473,	1994
1472,	1995
1473,	1995
1606,	1995
1474,	1997
1475,	1997
1486,	1997
1474,	1998
1474,	1999
1476,	2000
1634,	2000
1477,	2001
1478,	2003
1605,	2003
1630,	2003
1631,	2003
1479,	2004
1480,	2005
1638,	2005
1482,	2006
1483,	2007
1485,	2008
1487,	2009
1494,	2010
1494,	2011
1495,	2012
1496,	2013
1497,	2014
1498,	2015
2973,	2015
1499,	2016
1726,	2016
1499,	2017
1499,	2018
1499,	2019
1500,	2020
1500,	2021
1501,	2022
1502,	2023
1502,	2024
1502,	2025
1503,	2026
1503,	2027
1505,	2029
1505,	2030
1506,	2031
1507,	2032
1508,	2033
1664,	2033
1509,	2034
1742,	2034
1814,	2034
1509,	2035
1745,	2035
1510,	2036
1511,	2037
1512,	2038
1513,	2038
1514,	2039
1515,	2040
1515,	2041
1515,	2042
1516,	2043
1516,	2044
1517,	2045
1519,	2046
1522,	2047
1159,	2049
1588,	2049
1621,	2049
1588,	2050
1589,	2051
1622,	2051
1589,	2052
2139,	2052
2140,	2052
1589,	2053
1690,	2053
1590,	2054
1692,	2054
1770,	2054
1771,	2054
1590,	2055
1590,	2056
1590,	2058
1591,	2059
1591,	2060
1690,	2060
1768,	2060
1592,	2061
1592,	2062
1592,	2063
1592,	2064
1592,	2065
1593,	2066
1593,	2067
1594,	2067
1594,	2069
1595,	2070
1596,	2070
1595,	2071
1596,	2071
1595,	2072
1596,	2072
1595,	2073
1596,	2074
2143,	2074
1599,	2075
1600,	2076
1600,	2077
1601,	2077
1601,	2078
2031,	2078
1602,	2079
1603,	2079
2015,	2079
2152,	2079
2153,	2079
1604,	2080
1607,	2081
1612,	2082
2150,	2082
1616,	2083
1535,	2084
1536,	2085
1537,	2086
1654,	2086
1538,	2087
1723,	2087
1724,	2087
1539,	2088
1541,	2089
1541,	2090
1823,	2090
1541,	2091
1542,	2092
1543,	2092
1655,	2092
1656,	2092
1542,	2093
1543,	2093
1657,	2093
1658,	2093
1544,	2094
1545,	2094
1544,	2095
1544,	2096
1544,	2097
1545,	2097
1544,	2098
1545,	2098
1545,	2099
1547,	2100
1547,	2101
1548,	2102
1659,	2102
1660,	2102
1550,	2103
1551,	2103
1661,	2103
1552,	2104
1553,	2105
1737,	2105
1807,	2105
1554,	2106
1555,	2107
1556,	2108
2060,	2108
2099,	2108
1557,	2109
1558,	2110
1558,	2111
1558,	2112
1559,	2113
1560,	2114
1560,	2115
2113,	2115
1560,	2116
1560,	2117
1945,	2117
2096,	2117
1561,	2118
1562,	2119
1563,	2120
1810,	2120
1582,	2121
1621,	2122
1621,	2123
1622,	2125
1622,	2126
1622,	2127
1622,	2128
1622,	2129
1623,	2130
1623,	2131
1623,	2132
1624,	2133
1624,	2134
1691,	2134
1769,	2134
1625,	2135
1625,	2136
1625,	2137
1625,	2138
1625,	2139
1835,	2139
2004,	2139
2005,	2139
1625,	2140
1625,	2141
1626,	2142
1627,	2142
1626,	2143
1627,	2143
1626,	2144
1627,	2144
1628,	2145
1629,	2145
1628,	2146
1629,	2146
1630,	2147
1631,	2147
1632,	2148
1633,	2148
1632,	2149
1633,	2149
1701,	2149
1781,	2149
1849,	2149
1633,	2150
1635,	2151
1636,	2152
1636,	2153
1638,	2155
1641,	2156
1696,	2156
1642,	2157
1968,	2157
1643,	2158
1650,	2159
1652,	2159
1650,	2160
1652,	2160
1651,	2161
1653,	2162
1654,	2163
1654,	2164
1654,	2165
1655,	2167
1656,	2167
1655,	2169
1656,	2170
1657,	2171
1658,	2171
1657,	2172
1658,	2172
1658,	2174
1659,	2175
1660,	2175
1659,	2176
1660,	2178
1661,	2180
1662,	2181
1666,	2182
1667,	2183
1668,	2184
1669,	2185
1740,	2185
1670,	2186
1671,	2187
1671,	2188
1672,	2189
1672,	2190
1672,	2191
1673,	2192
1674,	2193
1746,	2193
1677,	2194
1678,	2195
1680,	2196
1682,	2197
2973,	2197
1689,	2198
1767,	2198
1690,	2199
1768,	2199
1690,	2200
1768,	2200
1691,	2201
1691,	2202
1691,	2203
1769,	2203
1692,	2205
1770,	2205
1771,	2205
1693,	2206
1972,	2206
2008,	2206
1693,	2207
1693,	2208
1772,	2208
1693,	2210
1693,	2211
1782,	2211
1693,	2212
1695,	2213
1773,	2213
1774,	2213
1696,	2214
1696,	2215
1775,	2215
1776,	2215
1697,	2216
1698,	2216
2150,	2216
1697,	2217
1698,	2217
1775,	2217
1699,	2218
1779,	2218
1701,	2219
1780,	2219
1702,	2220
1703,	2221
1704,	2222
1783,	2222
1784,	2222
1709,	2223
1712,	2224
1722,	2225
1722,	2226
1723,	2226
1724,	2227
1726,	2228
1726,	2229
1727,	2230
1728,	2230
1727,	2231
1728,	2231
1729,	2232
1730,	2232
1811,	2232
1812,	2232
1730,	2233
1814,	2233
1730,	2234
1730,	2235
1818,	2235
1731,	2236
1808,	2236
1732,	2237
1733,	2238
1804,	2238
1734,	2239
1735,	2240
1736,	2241
1738,	2242
1739,	2242
1801,	2242
1738,	2243
1739,	2244
2058,	2244
2105,	2244
2106,	2244
1741,	2245
1742,	2246
1743,	2247
1744,	2248
1753,	2249
1754,	2250
2064,	2250
1763,	2251
1795,	2252
1796,	2252
1797,	2252
1799,	2253
1799,	2254
1799,	2255
1800,	2255
1800,	2256
1800,	2257
1803,	2258
1805,	2259
1806,	2260
1808,	2261
1809,	2261
1809,	2262
1811,	2263
1812,	2263
1811,	2264
1893,	2264
1940,	2264
1811,	2265
1813,	2266
1814,	2267
1815,	2268
1816,	2269
1816,	2270
1817,	2271
1821,	2272
1767,	2273
1768,	2274
1768,	2275
1855,	2275
1085,	2276
1692,	2276
1770,	2276
1771,	2276
1772,	2278
1772,	2279
1839,	2279
1772,	2280
1772,	2281
1773,	2282
1774,	2282
1777,	2283
1778,	2283
1779,	2284
1782,	2285
1782,	2286
1785,	2287
1785,	2288
2022,	2288
2116,	2288
1787,	2289
1788,	2290
1790,	2291
1834,	2293
1834,	2294
1834,	2295
1968,	2295
1835,	2296
1835,	2297
1969,	2297
1835,	2298
1969,	2298
1836,	2299
1970,	2299
1836,	2300
1837,	2302
1838,	2303
1839,	2304
1839,	2305
1839,	2307
1972,	2307
2008,	2307
2147,	2307
1839,	2308
1972,	2308
1839,	2309
1839,	2310
1839,	2311
1468,	2312
1469,	2312
1840,	2312
1841,	2312
1840,	2313
1840,	2314
1841,	2314
2008,	2314
1841,	2315
1842,	2316
1843,	2316
1842,	2317
1843,	2317
1842,	2318
1843,	2318
1844,	2319
1845,	2319
2013,	2319
2014,	2319
2139,	2319
2140,	2319
1844,	2320
1845,	2321
1846,	2322
1847,	2322
1971,	2322
1846,	2323
1847,	2323
1849,	2325
1850,	2326
1851,	2326
1850,	2327
1851,	2327
1852,	2328
1853,	2328
1854,	2329
1854,	2330
1854,	2331
1855,	2331
1854,	2332
1855,	2332
1970,	2332
1858,	2335
2011,	2335
2145,	2335
1861,	2336
1873,	2337
1874,	2338
1875,	2338
1922,	2338
1923,	2338
1924,	2338
1874,	2339
1874,	2340
1875,	2340
1876,	2341
1943,	2341
1877,	2342
1877,	2343
1932,	2343
1877,	2344
1877,	2345
1878,	2346
1879,	2346
1878,	2347
1879,	2347
1880,	2348
1945,	2348
2049,	2348
1881,	2349
1897,	2349
2048,	2349
1882,	2350
1882,	2351
1883,	2352
1884,	2353
1885,	2354
1929,	2354
1886,	2355
1901,	2355
2056,	2355
1887,	2356
1943,	2356
2064,	2356
2065,	2356
2107,	2356
1888,	2357
1888,	2358
1889,	2359
1890,	2359
1928,	2359
1889,	2360
2059,	2360
1890,	2361
1891,	2362
1892,	2364
2063,	2364
1893,	2365
1893,	2367
1940,	2367
1941,	2367
2970,	2367
1894,	2368
1895,	2368
1894,	2370
1895,	2370
1894,	2371
1895,	2371
1927,	2371
1894,	2372
1895,	2372
1896,	2373
1944,	2373
1897,	2374
1897,	2375
1897,	2376
1897,	2377
1899,	2378
1908,	2379
1912,	2380
1922,	2381
1923,	2381
1924,	2381
1925,	2382
1925,	2383
1926,	2384
1927,	2384
1926,	2385
1927,	2385
1932,	2386
1933,	2387
1934,	2388
1936,	2389
1937,	2390
1938,	2390
1937,	2391
1938,	2392
1939,	2393
1892,	2394
1893,	2394
1940,	2394
1941,	2394
2962,	2394
1940,	2395
1941,	2395
1942,	2396
1943,	2396
1942,	2397
1943,	2397
1943,	2398
1945,	2399
1945,	2401
1947,	2402
1952,	2403
1961,	2404
1968,	2405
1968,	2406
1968,	2407
1969,	2408
1970,	2409
1970,	2410
1971,	2412
1837,	2413
1971,	2413
1972,	2414
1693,	2415
1972,	2415
1972,	2416
1972,	2417
1974,	2419
2039,	2420
2039,	2421
2039,	2422
2039,	2423
2040,	2424
2041,	2424
2042,	2424
2040,	2425
2041,	2425
2042,	2425
2091,	2425
2092,	2425
2093,	2425
2043,	2426
2094,	2426
2045,	2427
2046,	2427
2096,	2427
2097,	2427
2045,	2428
2045,	2429
2097,	2429
2045,	2430
2096,	2430
2048,	2431
2052,	2432
2053,	2433
2054,	2434
2055,	2435
2057,	2436
2058,	2436
2060,	2437
2061,	2438
2062,	2439
2063,	2440
2063,	2441
2063,	2442
2109,	2442
2064,	2443
2065,	2443
2064,	2444
2065,	2444
2064,	2445
2065,	2445
2066,	2446
2067,	2447
2067,	2448
2067,	2449
2069,	2450
2114,	2450
2073,	2451
2080,	2452
2087,	2453
863,	2454
1045,	2454
1077,	2454
1272,	2454
1311,	2454
1590,	2454
1691,	2454
1834,	2454
2000,	2454
2136,	2454
2001,	2455
2001,	2456
2001,	2457
2001,	2458
2138,	2458
2001,	2459
2001,	2460
2007,	2460
2138,	2460
2002,	2461
2003,	2461
2002,	2462
2003,	2462
2002,	2463
2003,	2463
2139,	2463
2140,	2463
2004,	2464
2005,	2464
2004,	2465
2004,	2466
2005,	2466
2004,	2467
2005,	2467
2005,	2468
2006,	2469
2006,	2470
2008,	2471
2148,	2471
2008,	2472
2008,	2473
2009,	2474
2009,	2475
2146,	2475
2147,	2475
2009,	2476
2148,	2476
2011,	2477
2013,	2478
2014,	2478
2155,	2478
2015,	2479
2016,	2480
2017,	2480
2152,	2480
2153,	2480
2018,	2481
2018,	2482
2020,	2483
2025,	2484
2025,	2485
2026,	2486
2091,	2487
2092,	2487
2093,	2487
2095,	2488
2095,	2489
2098,	2490
2100,	2491
2101,	2491
2101,	2492
2101,	2493
2102,	2494
2103,	2495
2104,	2496
2105,	2497
2106,	2497
2108,	2498
2108,	2499
2108,	2500
2109,	2500
2110,	2501
2110,	2502
2111,	2502
2110,	2503
2110,	2504
2111,	2504
2113,	2505
2113,	2506
2122,	2508
2123,	2508
2124,	2509
2137,	2510
2137,	2511
2137,	2512
2138,	2513
2138,	2514
2139,	2515
2140,	2515
2139,	2516
2140,	2516
2139,	2517
2140,	2517
2139,	2518
2140,	2518
2140,	2519
2141,	2520
2142,	2520
2141,	2521
2142,	2521
2142,	2522
2143,	2523
2144,	2523
2143,	2524
2144,	2524
2144,	2525
2146,	2526
2147,	2526
2146,	2527
2147,	2528
2147,	2529
2148,	2530
2149,	2531
2149,	2532
2149,	2533
2151,	2535
2158,	2536
2158,	2537
2159,	2538
2168,	2539
625,	2553
768,	2553
96,	2555
425,	2555
730,	2555
286,	2585
328,	2585
403,	2585
538,	2585
568,	2585
654,	2585
712,	2585
872,	2585
934,	2585
2192,	2585
2311,	2585
2361,	2585
2389,	2585
2454,	2585
2542,	2585
2552,	2585
2715,	2585
2738,	2585
2854,	2585
2867,	2585
3067,	2585
3068,	2585
3137,	2585
3169,	2585
3313,	2585
43,	2592
116,	2592
140,	2592
164,	2592
220,	2592
245,	2592
345,	2592
352,	2592
368,	2592
389,	2592
444,	2592
500,	2592
613,	2592
787,	2592
788,	2592
912,	2592
970,	2592
978,	2592
994,	2592
1037,	2592
1117,	2592
1141,	2592
1216,	2592
1232,	2592
1255,	2592
1365,	2592
1383,	2592
1512,	2592
1549,	2592
1668,	2592
1758,	2592
1802,	2592
1810,	2592
1909,	2592
1931,	2592
1939,	2592
2081,	2592
2107,	2592
2119,	2592
2217,	2592
2245,	2592
2323,	2592
2393,	2592
2415,	2592
2466,	2592
2496,	2592
2500,	2592
2520,	2592
2610,	2592
2665,	2592
2742,	2592
2823,	2592
2881,	2592
2961,	2592
2962,	2592
3210,	2592
3248,	2592
3265,	2592
2186,	2595
2306,	2595
2696,	2595
2729,	2595
2878,	2595
2886,	2595
2948,	2595
2949,	2595
3004,	2595
3062,	2595
3146,	2595
3217,	2595
3316,	2595
2290,	2596
2436,	2596
2550,	2596
2579,	2596
2697,	2596
2764,	2596
2765,	2596
2852,	2596
2869,	2596
3167,	2596
2204,	2598
2377,	2598
2438,	2598
2325,	2599
2548,	2599
2551,	2599
2595,	2599
2699,	2599
2777,	2599
2784,	2599
2516,	2601
2994,	2601
3019,	2601
51,	2602
75,	2602
300,	2602
339,	2602
405,	2602
563,	2602
600,	2602
751,	2602
902,	2602
979,	2602
990,	2602
1239,	2602
1390,	2602
1403,	2602
1557,	2602
1754,	2602
1873,	2602
1918,	2602
2040,	2602
2062,	2602
2242,	2602
2330,	2602
2401,	2602
2474,	2602
2219,	2603
2395,	2603
2491,	2603
2502,	2603
2612,	2603
2661,	2603
2818,	2603
2846,	2603
2884,	2603
2983,	2603
3233,	2603
2186,	2607
2200,	2608
3,	2609
2174,	2609
2174,	2611
2286,	2611
2536,	2611
2175,	2612
2175,	2613
2176,	2614
2177,	2615
2177,	2617
2178,	2618
2179,	2621
2180,	2622
2180,	2623
2180,	2624
2180,	2625
2458,	2625
2184,	2628
2184,	2629
2295,	2629
2185,	2630
2185,	2631
2185,	2632
2186,	2635
2188,	2636
2209,	2637
2315,	2637
2385,	2637
2209,	2638
2315,	2638
2386,	2638
2209,	2640
2211,	2642
2211,	2643
2317,	2643
2386,	2643
2211,	2644
2211,	2645
2388,	2645
2212,	2646
2388,	2646
2461,	2646
2212,	2647
2318,	2647
2388,	2647
2212,	2648
2213,	2650
2294,	2650
2339,	2651
2397,	2651
2802,	2651
2966,	2651
3252,	2651
2228,	2652
2404,	2652
2238,	2653
2254,	2654
2257,	2655
2214,	2656
41,	2657
2214,	2657
2635,	2657
2214,	2658
2616,	2658
2214,	2659
2215,	2660
36,	2661
2215,	2661
2216,	2664
2391,	2664
2466,	2664
2619,	2664
2751,	2664
2218,	2665
2223,	2671
2225,	2672
2640,	2672
2225,	2673
2226,	2674
2269,	2675
2270,	2676
2227,	2677
2227,	2679
2416,	2679
2227,	2680
898,	2681
973,	2681
1015,	2681
2228,	2681
2229,	2682
2231,	2683
2232,	2685
2286,	2685
2235,	2688
2241,	2689
2512,	2689
2259,	2691
2330,	2691
2259,	2692
2259,	2693
2259,	2694
3228,	2694
2259,	2695
2260,	2696
2260,	2698
2260,	2699
2344,	2701
2487,	2701
2632,	2701
2843,	2701
2907,	2701
3025,	2701
3238,	2701
2343,	2702
1,	2703
69,	2703
108,	2703
187,	2703
292,	2703
322,	2703
2209,	2703
2315,	2703
2382,	2703
2385,	2703
2563,	2703
6,	2704
290,	2705
364,	2706
1744,	2707
2222,	2708
2339,	2708
2644,	2708
3095,	2708
2314,	2709
2286,	2710
2286,	2711
2355,	2711
2432,	2711
2536,	2711
2875,	2711
2286,	2712
2287,	2713
2287,	2714
2356,	2714
2288,	2715
2289,	2716
2289,	2717
2358,	2717
2290,	2718
2290,	2719
2290,	2720
2292,	2722
2567,	2722
2292,	2723
2293,	2724
2296,	2726
2296,	2727
2296,	2728
2297,	2729
2365,	2729
2297,	2730
3204,	2730
3291,	2730
2298,	2731
2315,	2733
2385,	2733
2315,	2734
2385,	2734
2316,	2735
2316,	2736
2316,	2737
2386,	2737
2316,	2739
2386,	2739
2456,	2739
2564,	2739
2317,	2740
2387,	2740
2318,	2742
2734,	2742
2318,	2743
2388,	2743
2461,	2743
2318,	2744
2566,	2744
41,	2746
330,	2746
430,	2746
446,	2746
824,	2746
825,	2746
1031,	2746
1155,	2746
1522,	2746
2337,	2746
2640,	2746
3016,	2746
3069,	2746
2345,	2747
2321,	2748
2390,	2748
2321,	2749
2322,	2750
2400,	2750
2322,	2751
2322,	2752
2391,	2752
2323,	2753
2391,	2753
2324,	2754
2324,	2755
2325,	2756
2325,	2757
2325,	2759
2353,	2760
2327,	2761
2328,	2762
2329,	2763
2329,	2764
2521,	2764
2331,	2765
2331,	2766
2331,	2767
2333,	2768
2333,	2769
2333,	2770
2403,	2770
2895,	2770
2336,	2772
2429,	2772
2568,	2772
2708,	2772
2336,	2774
2431,	2774
2498,	2774
2336,	2775
2396,	2775
2467,	2775
2803,	2775
2337,	2776
2338,	2777
2346,	2778
2347,	2779
2351,	2780
2351,	2781
2428,	2781
2351,	2782
2351,	2783
2351,	2784
2351,	2785
2428,	2785
2352,	2786
2352,	2787
2390,	2787
2635,	2787
2674,	2787
2838,	2787
2352,	2788
2355,	2789
2381,	2790
2355,	2791
2355,	2792
2355,	2793
2432,	2793
2359,	2794
2359,	2795
2359,	2796
2360,	2797
2361,	2798
2361,	2799
2362,	2800
2542,	2800
2768,	2800
2363,	2801
2366,	2803
2366,	2804
2366,	2805
2367,	2806
2367,	2807
2367,	2808
2367,	2809
2443,	2809
2367,	2810
2372,	2811
2374,	2812
2386,	2813
2459,	2813
2387,	2814
2387,	2815
2448,	2815
2565,	2815
2389,	2816
2424,	2817
2667,	2817
2426,	2818
2531,	2818
2845,	2818
2390,	2819
2391,	2821
2394,	2822
2395,	2823
2336,	2824
2395,	2824
2397,	2825
2960,	2825
2397,	2826
2397,	2827
2398,	2828
2401,	2829
2402,	2830
2402,	2831
2403,	2832
2403,	2833
2403,	2834
2404,	2835
2406,	2836
2511,	2836
2407,	2837
2468,	2837
2407,	2838
2407,	2839
2421,	2840
2430,	2841
2428,	2842
2428,	2843
2429,	2844
2428,	2845
2453,	2848
2594,	2848
2685,	2848
2719,	2848
2786,	2848
2857,	2848
2940,	2848
3042,	2848
3124,	2848
3135,	2848
3173,	2848
3299,	2848
3305,	2848
3315,	2848
2483,	2849
2604,	2849
2646,	2849
2746,	2849
2887,	2849
3054,	2849
3133,	2849
3234,	2849
1290,	2850
2433,	2850
2537,	2850
2575,	2850
2710,	2850
2456,	2853
2458,	2854
2563,	2854
2599,	2854
2703,	2854
2734,	2854
2791,	2854
2872,	2854
2954,	2854
2464,	2855
2464,	2856
2464,	2857
2498,	2857
2464,	2858
2465,	2860
2465,	2862
2499,	2862
2618,	2862
2466,	2863
2468,	2864
2468,	2865
2468,	2866
2469,	2867
2470,	2868
2471,	2869
2614,	2869
2472,	2870
2473,	2871
2473,	2872
2474,	2873
2474,	2874
2475,	2876
2476,	2877
3246,	2877
2477,	2878
2477,	2879
2478,	2880
2478,	2881
2481,	2882
2626,	2882
2482,	2883
2494,	2884
2479,	2885
2479,	2886
2512,	2886
2637,	2886
2915,	2886
2479,	2887
2479,	2888
2479,	2889
2512,	2889
2479,	2890
2479,	2891
2492,	2892
2492,	2893
2534,	2893
2492,	2894
2533,	2894
2492,	2895
2503,	2895
2624,	2895
2644,	2895
2492,	2896
2510,	2896
2492,	2897
2493,	2898
2507,	2898
2493,	2899
2493,	2900
2318,	2901
2358,	2901
2459,	2901
2432,	2902
2433,	2903
2433,	2904
2537,	2904
2433,	2905
2434,	2906
2435,	2907
2539,	2907
3066,	2907
2435,	2908
2436,	2909
2437,	2910
2437,	2911
2438,	2912
2438,	2913
2854,	2913
2439,	2915
2542,	2915
2440,	2916
2441,	2917
2597,	2917
2442,	2918
2442,	2919
2541,	2919
2586,	2919
2442,	2920
2548,	2920
2613,	2920
2443,	2921
2720,	2921
2443,	2922
2443,	2923
2456,	2924
2458,	2925
2458,	2926
2459,	2927
2547,	2927
2577,	2927
2607,	2927
2459,	2928
2459,	2929
2564,	2929
2459,	2930
2539,	2930
2462,	2931
2462,	2932
2552,	2932
2462,	2933
2461,	2934
2566,	2934
2461,	2935
2566,	2935
2461,	2936
3042,	2936
2461,	2937
2536,	2937
2463,	2938
2682,	2938
2498,	2939
2638,	2939
2509,	2940
2760,	2940
2896,	2940
3013,	2940
3226,	2940
2512,	2941
2624,	2941
2642,	2941
2654,	2941
2754,	2941
2800,	2941
2811,	2941
2848,	2941
2899,	2941
2979,	2941
3001,	2941
3015,	2941
3073,	2941
3088,	2941
3214,	2941
3228,	2941
3250,	2941
3264,	2941
2523,	2942
2498,	2943
2498,	2944
2498,	2945
2637,	2945
2650,	2945
2499,	2946
2499,	2947
2500,	2948
2501,	2949
2501,	2950
2502,	2951
2503,	2952
2504,	2953
2504,	2954
2505,	2955
2505,	2956
2508,	2957
2508,	2958
2535,	2959
2512,	2960
2512,	2961
2514,	2962
2526,	2963
2527,	2964
2841,	2964
2527,	2965
2532,	2966
2532,	2967
2532,	2969
2532,	2970
2532,	2971
2532,	2972
2533,	2973
2534,	2974
2538,	2975
2576,	2975
2762,	2975
2543,	2976
2544,	2977
2546,	2978
2536,	2980
2574,	2980
2537,	2981
2575,	2981
2538,	2982
2542,	2983
2543,	2984
2544,	2985
2568,	2986
2545,	2987
2545,	2988
2546,	2989
2547,	2990
2547,	2991
2928,	2991
3171,	2991
2547,	2992
2569,	2993
2569,	2994
2563,	2996
2678,	2996
2563,	2997
2599,	2997
2703,	2997
2563,	2998
2564,	2999
2564,	3000
2600,	3000
2704,	3000
2565,	3001
2565,	3002
2566,	3003
2600,	3003
2572,	3004
2588,	3005
2687,	3005
2593,	3006
2574,	3007
2574,	3008
2574,	3010
2676,	3010
2574,	3011
2575,	3012
2706,	3012
2710,	3012
2850,	3012
2576,	3013
2576,	3014
3034,	3014
3118,	3014
3166,	3014
2577,	3015
2577,	3016
2678,	3016
2579,	3017
2579,	3018
2580,	3019
2580,	3020
2681,	3020
2925,	3020
2580,	3021
2581,	3022
2716,	3022
2582,	3023
3206,	3023
2584,	3024
2584,	3025
2585,	3026
2685,	3026
2719,	3026
2585,	3027
2585,	3028
2586,	3029
2761,	3029
2586,	3030
2921,	3030
2586,	3031
2599,	3032
2599,	3033
2703,	3033
2791,	3033
2599,	3034
2704,	3034
2599,	3035
2703,	3035
2600,	3036
2600,	3037
2704,	3037
2735,	3037
2792,	3037
2600,	3038
2704,	3038
2600,	3039
2601,	3040
2705,	3040
2735,	3040
2857,	3040
2930,	3040
2601,	3041
2705,	3041
2736,	3041
2793,	3041
2602,	3042
2706,	3042
2794,	3042
2602,	3043
2602,	3044
2603,	3045
2605,	3046
2606,	3047
2606,	3048
2607,	3049
2608,	3050
2606,	3051
2607,	3052
2615,	3053
2620,	3054
2629,	3055
2641,	3055
2798,	3055
2842,	3055
2904,	3055
2960,	3055
3022,	3055
3236,	3055
2631,	3056
2658,	3056
2716,	3056
2814,	3056
2869,	3056
2905,	3056
2926,	3056
2969,	3056
3023,	3056
3086,	3056
3230,	3056
3294,	3056
2633,	3057
2637,	3058
2674,	3058
3069,	3058
2637,	3059
2642,	3059
2637,	3060
2641,	3060
2637,	3061
2637,	3062
2639,	3062
2674,	3062
3161,	3062
2609,	3063
2641,	3063
2609,	3064
2641,	3064
2609,	3065
2641,	3065
2610,	3066
2610,	3067
2611,	3068
2612,	3069
2612,	3070
2744,	3070
2882,	3070
2613,	3072
2613,	3073
2613,	3074
2615,	3075
2617,	3076
2674,	3076
2618,	3077
2648,	3077
2749,	3077
2620,	3079
2620,	3080
2642,	3080
2621,	3081
2622,	3082
2622,	3083
2753,	3083
2623,	3085
2623,	3086
2624,	3087
2654,	3087
2624,	3088
2645,	3088
2624,	3089
2654,	3089
2709,	3089
2624,	3090
2624,	3091
2624,	3092
2624,	3093
2751,	3093
2810,	3093
2627,	3094
2630,	3095
2635,	3096
2635,	3097
2676,	3097
2636,	3098
2640,	3098
2740,	3098
2890,	3098
2636,	3099
2654,	3099
2811,	3099
2882,	3099
2636,	3100
2636,	3101
2651,	3101
2639,	3102
2638,	3103
2639,	3104
2639,	3105
2639,	3106
2655,	3107
2659,	3108
2756,	3108
2900,	3108
3006,	3108
3017,	3108
3092,	3108
3112,	3108
3231,	3108
2673,	3109
2747,	3109
2911,	3109
3219,	3109
2640,	3110
2640,	3111
2640,	3112
2640,	3113
2640,	3114
2643,	3115
2644,	3116
2802,	3116
2899,	3116
2966,	3116
2646,	3117
2648,	3118
2649,	3119
2650,	3120
2650,	3121
2650,	3122
2651,	3123
2651,	3124
2652,	3125
2652,	3126
2653,	3127
2654,	3128
2654,	3129
2811,	3129
2654,	3130
2654,	3131
2674,	3132
2674,	3133
2695,	3134
2711,	3134
2865,	3134
2920,	3134
3055,	3134
3117,	3134
3288,	3134
3306,	3134
2619,	3135
2676,	3135
2676,	3137
2677,	3138
2678,	3139
2679,	3140
2679,	3141
2680,	3142
2681,	3143
2681,	3144
2683,	3145
2684,	3146
2796,	3146
2856,	3146
2684,	3147
2684,	3148
2685,	3149
2685,	3150
2857,	3150
2940,	3150
3042,	3150
2703,	3151
2704,	3152
2735,	3152
2704,	3153
2705,	3154
2706,	3155
2706,	3156
2875,	3156
2706,	3157
2707,	3158
2707,	3159
2739,	3160
2883,	3160
2946,	3160
3136,	3160
3191,	3160
3289,	3160
2749,	3161
2890,	3161
2975,	3161
3012,	3161
3083,	3161
3225,	3161
3279,	3161
2740,	3162
2740,	3163
2798,	3163
2740,	3164
2741,	3165
2741,	3166
2741,	3167
2741,	3168
2743,	3171
2744,	3172
2744,	3173
2739,	3174
2739,	3175
2745,	3176
3169,	3177
3293,	3177
2749,	3178
2824,	3178
2749,	3179
2750,	3180
2751,	3181
2752,	3182
2753,	3183
2753,	3184
2760,	3185
2754,	3187
2754,	3188
2802,	3188
2900,	3188
2965,	3188
2754,	3189
2811,	3189
2756,	3190
2757,	3191
2804,	3191
2877,	3191
2970,	3191
2758,	3193
2807,	3193
2758,	3194
2758,	3195
2838,	3195
2709,	3196
2709,	3197
2709,	3198
2710,	3199
2711,	3200
2762,	3200
2956,	3200
2711,	3201
2712,	3202
2766,	3202
2854,	3202
2925,	3202
2712,	3203
2763,	3203
2851,	3203
2712,	3204
2713,	3205
2714,	3206
2714,	3207
3039,	3207
3120,	3207
2715,	3208
2715,	3209
2738,	3209
2715,	3210
2767,	3210
3154,	3210
3155,	3210
2717,	3211
2771,	3211
2717,	3212
2770,	3212
3152,	3212
2718,	3213
2796,	3213
2718,	3214
2718,	3215
2719,	3216
3157,	3216
3173,	3216
2719,	3217
2720,	3218
2770,	3218
2851,	3218
2921,	3218
2732,	3219
2734,	3220
2791,	3220
2872,	3220
2734,	3221
2791,	3221
2734,	3222
2735,	3223
2792,	3223
2735,	3224
2792,	3224
2873,	3224
2955,	3224
2735,	3225
2736,	3226
3288,	3226
2736,	3227
2736,	3228
2737,	3229
3116,	3229
3325,	3229
2737,	3230
2737,	3231
2737,	3232
2794,	3232
2737,	3233
2794,	3233
2923,	3233
3066,	3233
2738,	3234
2738,	3235
2771,	3236
2780,	3237
2785,	3238
2853,	3238
2869,	3238
3037,	3238
3140,	3238
3141,	3238
3183,	3238
3292,	3238
2761,	3239
2850,	3239
2917,	3239
2761,	3240
2850,	3240
2761,	3241
2761,	3242
2761,	3243
2761,	3244
2762,	3245
2764,	3246
3119,	3246
2764,	3247
2765,	3248
2765,	3249
2766,	3250
2771,	3251
2771,	3252
2792,	3253
2873,	3253
2955,	3253
2792,	3254
2792,	3255
2873,	3255
2956,	3255
2793,	3256
2793,	3257
2793,	3258
2793,	3259
2794,	3260
2875,	3260
2794,	3261
2794,	3262
2876,	3262
2794,	3263
2957,	3263
2795,	3264
2877,	3264
2954,	3264
2802,	3265
68,	3266
133,	3266
179,	3266
236,	3266
349,	3266
388,	3266
453,	3266
2573,	3266
2628,	3266
2821,	3266
2849,	3266
2903,	3266
3021,	3266
3078,	3266
3260,	3266
2829,	3267
2906,	3267
3024,	3267
3081,	3267
3237,	3267
3258,	3267
2836,	3268
2914,	3268
3110,	3268
3282,	3268
2797,	3269
2797,	3270
2996,	3270
3008,	3270
3153,	3270
2797,	3271
2797,	3272
3260,	3272
2797,	3273
3031,	3273
2797,	3274
2798,	3275
2798,	3276
2799,	3277
2799,	3278
2800,	3279
2800,	3280
3214,	3280
3250,	3280
2801,	3281
2840,	3281
2807,	3282
2808,	3283
3211,	3283
3247,	3283
2808,	3284
2808,	3285
2892,	3285
2809,	3286
2809,	3287
3225,	3287
2811,	3288
2811,	3289
2899,	3289
3264,	3289
2838,	3290
2838,	3291
2838,	3292
2915,	3292
2996,	3292
2838,	3293
3031,	3293
2760,	3294
2860,	3296
2919,	3296
3116,	3296
3141,	3296
3179,	3296
3180,	3296
3194,	3296
3287,	3296
3314,	3296
2868,	3297
2869,	3297
2921,	3297
3035,	3297
3311,	3297
2850,	3298
2850,	3299
2852,	3302
2853,	3303
2853,	3304
2924,	3304
3168,	3304
2854,	3305
2922,	3305
2854,	3306
3067,	3306
3154,	3306
3206,	3306
2855,	3307
2856,	3308
2857,	3309
2857,	3310
2858,	3311
2858,	3312
2859,	3313
2860,	3314
2863,	3315
2863,	3316
3042,	3316
2872,	3317
2954,	3317
2872,	3318
2920,	3318
2872,	3319
2873,	3320
2955,	3320
2873,	3321
2955,	3321
3064,	3321
3151,	3321
3203,	3321
2873,	3322
2873,	3323
2873,	3324
2874,	3325
2874,	3326
2957,	3326
3152,	3326
2874,	3327
2957,	3327
2875,	3328
2876,	3330
2956,	3330
2877,	3331
2958,	3331
3051,	3331
3304,	3331
2885,	3333
2892,	3334
2990,	3334
3010,	3334
3101,	3334
3223,	3334
3274,	3334
2894,	3335
2898,	3336
2976,	3336
3014,	3336
3085,	3336
2910,	3339
2989,	3339
3000,	3339
3100,	3339
3213,	3339
3273,	3339
2879,	3340
3224,	3340
2879,	3341
2918,	3341
2997,	3341
2998,	3341
2879,	3342
2879,	3343
2918,	3343
2879,	3344
2880,	3345
2880,	3346
2960,	3346
2880,	3347
2996,	3347
2881,	3348
2961,	3348
2882,	3349
2883,	3350
2883,	3351
2883,	3352
2884,	3353
2885,	3354
2886,	3355
2887,	3356
2890,	3357
2891,	3358
3212,	3358
2891,	3359
2892,	3360
2892,	3361
2892,	3362
2893,	3363
2895,	3364
3008,	3364
2895,	3365
2895,	3366
2896,	3367
2896,	3368
2897,	3369
2899,	3370
2899,	3371
2979,	3371
2899,	3372
2899,	3373
2979,	3373
2899,	3374
2899,	3375
2979,	3375
3015,	3375
2532,	3376
2899,	3376
2963,	3376
3005,	3376
3214,	3376
3250,	3376
2906,	3377
3083,	3377
2906,	3378
3081,	3378
2908,	3379
2915,	3380
2996,	3380
3091,	3380
3266,	3380
2915,	3381
2915,	3382
2996,	3382
2915,	3383
2915,	3384
2915,	3385
2918,	3386
2935,	3387
2936,	3388
3303,	3388
2944,	3389
3039,	3389
2917,	3390
2917,	3391
2919,	3392
2920,	3393
2921,	3394
3289,	3394
2922,	3395
2922,	3396
2923,	3397
3119,	3397
3203,	3397
3325,	3397
2924,	3398
3168,	3398
3292,	3398
2926,	3399
2927,	3400
2929,	3401
2959,	3402
2959,	3403
2930,	3404
2935,	3405
2954,	3406
3015,	3406
3088,	3406
3160,	3406
3228,	3406
3264,	3406
2954,	3407
3060,	3407
3063,	3407
3147,	3407
3152,	3407
3200,	3407
3318,	3407
3324,	3407
2956,	3408
3036,	3408
2956,	3409
3153,	3409
3205,	3409
3324,	3409
2957,	3410
2957,	3411
2957,	3412
2957,	3413
2958,	3415
2958,	3416
3064,	3416
3151,	3416
2963,	3417
2918,	3418
2997,	3418
2960,	3419
2960,	3420
2574,	3421
2676,	3421
2759,	3421
2800,	3421
2899,	3421
2963,	3421
2963,	3422
3015,	3422
2968,	3423
2972,	3424
2973,	3425
2974,	3426
3031,	3426
2974,	3427
3009,	3427
3246,	3427
2974,	3428
2975,	3429
2975,	3430
195,	3431
263,	3431
2888,	3431
2978,	3431
2979,	3432
3015,	3432
2979,	3433
2987,	3434
2988,	3435
2996,	3436
2996,	3437
2902,	3438
2984,	3438
2999,	3439
3028,	3440
3076,	3440
3216,	3440
3267,	3440
2998,	3441
3114,	3441
2998,	3442
2998,	3443
3069,	3443
2998,	3444
2998,	3445
3210,	3445
3258,	3445
2999,	3446
3083,	3446
2999,	3447
3211,	3447
2999,	3448
2999,	3449
3000,	3450
3000,	3451
3001,	3452
3001,	3453
3001,	3454
3002,	3455
3002,	3456
3002,	3457
3002,	3458
3215,	3458
3003,	3459
3073,	3459
3003,	3460
3076,	3460
3004,	3461
3005,	3463
3077,	3463
3006,	3464
3219,	3464
3009,	3465
3010,	3466
3010,	3467
3010,	3468
3011,	3469
3246,	3469
3011,	3470
3012,	3471
3083,	3471
3012,	3472
3272,	3472
3012,	3473
3013,	3474
3032,	3474
3014,	3475
3015,	3476
3015,	3477
3088,	3477
3015,	3478
3015,	3480
3088,	3480
3270,	3480
3020,	3481
3024,	3482
3081,	3482
3024,	3483
3210,	3483
3031,	3484
3031,	3485
3031,	3486
3031,	3487
3031,	3488
3071,	3488
3044,	3489
3177,	3489
3045,	3490
3070,	3490
3163,	3490
3261,	3490
3059,	3491
3124,	3491
3189,	3491
3298,	3491
3033,	3492
3115,	3492
3286,	3492
3033,	3493
3115,	3493
3286,	3493
3033,	3494
3033,	3495
3035,	3496
3036,	3497
3036,	3498
3153,	3498
3037,	3499
3037,	3500
3038,	3501
3294,	3501
3038,	3502
3203,	3502
3040,	3503
3122,	3503
3040,	3504
3122,	3504
3041,	3505
3041,	3506
3042,	3507
3042,	3508
3042,	3509
3042,	3510
3063,	3511
3063,	3512
3063,	3513
3152,	3513
3160,	3513
3200,	3513
3201,	3513
3203,	3513
3323,	3513
3063,	3514
3150,	3514
3063,	3515
3150,	3515
3160,	3515
3202,	3515
3322,	3515
3064,	3516
3151,	3516
3204,	3516
3323,	3516
3064,	3517
3151,	3517
3064,	3518
3203,	3518
3064,	3519
3151,	3519
3203,	3519
3323,	3519
3064,	3520
3162,	3520
3064,	3521
3065,	3522
3066,	3523
3066,	3524
3066,	3525
3064,	3526
3067,	3527
3067,	3528
3067,	3529
3090,	3530
3229,	3530
3278,	3530
3097,	3531
3211,	3531
3271,	3531
3069,	3532
3210,	3532
3069,	3533
3069,	3534
3069,	3535
3246,	3535
3070,	3536
3070,	3537
3072,	3538
3073,	3539
3228,	3539
3264,	3539
3073,	3540
3074,	3541
3075,	3542
3077,	3543
3080,	3545
3080,	3546
3255,	3546
3081,	3547
3082,	3548
3082,	3549
3083,	3551
3084,	3552
3086,	3553
3087,	3554
3088,	3555
3088,	3557
3098,	3558
3099,	3559
3105,	3560
3110,	3561
3114,	3562
3114,	3563
3114,	3564
3114,	3565
3283,	3565
3144,	3566
3186,	3566
3117,	3567
3120,	3568
3121,	3569
2438,	3570
2746,	3570
2804,	3570
3043,	3570
3121,	3570
3121,	3571
3156,	3572
3123,	3573
3123,	3574
3157,	3575
3157,	3576
3124,	3577
3150,	3578
3173,	3578
3322,	3578
3152,	3579
3153,	3580
3325,	3580
3154,	3581
3158,	3582
3159,	3583
3160,	3584
3161,	3585
3162,	3586
3158,	3587
3159,	3588
3159,	3589
3159,	3590
3205,	3590
3160,	3591
3324,	3591
3161,	3592
3161,	3593
3174,	3594
3190,	3595
3296,	3595
3163,	3596
3163,	3597
3286,	3597
3163,	3598
3252,	3598
3163,	3599
3164,	3600
3288,	3600
3165,	3601
3165,	3602
3166,	3603
3166,	3604
3167,	3605
3169,	3606
3169,	3607
3171,	3608
3296,	3608
3172,	3609
3172,	3610
3173,	3611
3298,	3611
3173,	3612
3174,	3613
3177,	3614
3177,	3615
3178,	3616
3196,	3616
3179,	3617
3187,	3618
3187,	3619
3295,	3619
3202,	3620
3323,	3620
3202,	3621
3202,	3622
3324,	3622
3203,	3625
3204,	3626
3205,	3627
3205,	3628
3206,	3629
3206,	3630
3241,	3631
3210,	3632
3210,	3633
3210,	3634
3211,	3635
3250,	3635
3213,	3636
3214,	3637
3215,	3638
3215,	3639
3216,	3640
3217,	3641
3218,	3642
3221,	3643
3221,	3644
3284,	3644
3222,	3645
3222,	3646
3223,	3647
3284,	3647
3223,	3648
3223,	3649
3224,	3650
3225,	3651
3225,	3652
3225,	3653
3258,	3653
3226,	3654
3227,	3655
3228,	3656
3228,	3657
3228,	3658
3228,	3659
3231,	3660
3233,	3661
3234,	3662
3260,	3662
3237,	3663
3239,	3664
3246,	3665
3210,	3666
3259,	3667
3259,	3668
3277,	3669
3281,	3670
3247,	3671
3247,	3672
3248,	3673
3249,	3674
3250,	3675
3251,	3676
3253,	3677
3255,	3678
3256,	3679
3256,	3680
3257,	3681
3257,	3682
3258,	3683
3258,	3684
3285,	3685
3259,	3686
3259,	3687
3261,	3688
3262,	3689
3263,	3690
3264,	3691
3264,	3692
3264,	3693
3277,	3694
3277,	3695
3284,	3695
3280,	3696
3282,	3697
3283,	3698
3283,	3699
3283,	3700
3283,	3701
3284,	3702
3284,	3703
3284,	3704
3288,	3705
3317,	3705
3286,	3706
3287,	3707
3289,	3708
3289,	3709
3289,	3710
3289,	3711
3290,	3712
3290,	3713
3290,	3714
3292,	3715
3292,	3716
3293,	3717
3296,	3718
3297,	3719
3297,	3720
3298,	3721
3298,	3722
3298,	3723
3303,	3724
3303,	3725
3310,	3726
3322,	3727
3323,	3728
3324,	3729
3325,	3730
3325,	3731
3326,	3732
3326,	3733
3326,	3734
2880,	3735
2917,	3735
3033,	3735
3115,	3735
