1,	414
2,	31
2,	170
3,	190
4,	197
4,	163
4,	13
5,	197
5,	163
5,	13
6,	197
6,	163
6,	13
7,	92
7,	125
8,	56
9,	201
10,	201
11,	201
12,	361
13,	108
14,	28
14,	81
15,	178
16,	368
17,	368
18,	366
19,	169
20,	169
21,	122
21,	128
22,	28
23,	186
24,	2592
25,	267
26,	368
27,	271
28,	117
29,	269
30,	202
31,	361
32,	108
2384,	2717
34,	5
35,	2609
36,	502
38,	191
39,	514
40,	516
41,	517
43,	522
45,	528
46,	529
47,	530
49,	536
50,	540
51,	56
52,	168
53,	17
54,	194
55,	195
56,	157
57,	61
58,	68
59,	92
60,	9
61,	541
62,	197
63,	243
64,	163
65,	160
66,	200
66,	5
67,	201
68,	2661
69,	547
70,	14
71,	554
72,	558
73,	2657
74,	144
77,	572
77,	570
78,	120
79,	153
81,	63
82,	578
83,	2602
84,	272
85,	369
86,	586
88,	309
89,	208
90,	126
91,	169
92,	209
93,	14
94,	369
95,	76
95,	210
96,	268
97,	271
99,	264
100,	212
102,	493
104,	606
105,	275
2244,	178
2448,	2760
108,	616
109,	620
111,	625
112,	628
113,	630
114,	633
115,	635
116,	638
117,	642
118,	646
119,	647
120,	22
121,	216
121,	193
122,	298
123,	146
124,	168
124,	157
125,	46
126,	39
127,	133
128,	2555
129,	175
130,	51
131,	72
132,	73
133,	93
134,	168
135,	61
136,	36
137,	48
138,	201
139,	5
141,	522
145,	562
146,	683
147,	309
148,	2592
149,	14
150,	784
151,	2
152,	691
152,	169
153,	126
154,	28
155,	149
157,	268
158,	698
158,	222
159,	584
161,	704
161,	91
164,	785
166,	226
167,	227
168,	28
169,	228
170,	264
171,	120
172,	2592
173,	24
174,	271
175,	272
176,	105
177,	26
178,	230
179,	140
180,	202
181,	231
182,	2
183,	182
184,	232
185,	269
186,	165
188,	361
189,	562
191,	14
194,	780
195,	722
198,	789
199,	791
200,	153
201,	2
202,	63
203,	78
204,	128
205,	272
206,	803
208,	382
209,	130
211,	212
212,	309
213,	76
214,	268
215,	283
216,	14
217,	209
218,	272
219,	650
220,	522
223,	168
224,	484
226,	22
228,	751
229,	752
230,	757
231,	240
234,	765
235,	56
236,	251
237,	194
238,	253
239,	191
240,	197
241,	125
242,	275
243,	82
244,	46
244,	243
245,	252
246,	245
246,	30
247,	361
247,	809
250,	128
251,	558
252,	2592
253,	309
255,	2
256,	824
257,	153
257,	23
258,	169
259,	28
260,	149
261,	267
262,	268
263,	829
264,	802
267,	366
269,	227
270,	228
271,	135
272,	202
273,	182
274,	101
275,	162
276,	264
277,	2592
280,	88
281,	271
282,	272
283,	369
284,	76
285,	249
286,	10
287,	231
288,	232
289,	165
290,	847
291,	583
292,	860
294,	864
296,	872
297,	82
298,	496
298,	957
299,	875
300,	876
301,	878
302,	879
302,	243
303,	882
304,	653
305,	56
306,	39
307,	885
308,	275
309,	298
310,	146
311,	630
312,	191
313,	157
314,	70
315,	46
316,	68
317,	193
318,	2585
319,	92
320,	175
321,	17
321,	251
322,	243
322,	5
323,	275
324,	650
325,	890
326,	891
327,	899
327,	660
328,	905
328,	903
329,	909
330,	740
330,	13
331,	861
333,	82
336,	17
338,	58
339,	191
340,	638
341,	193
342,	963
344,	168
345,	251
346,	194
347,	133
348,	92
349,	133
350,	68
351,	163
352,	72
353,	39
354,	2703
357,	974
2239,	361
359,	983
361,	361
361,	37
363,	814
364,	309
366,	919
367,	1190
369,	63
370,	78
372,	926
373,	369
374,	931
377,	2592
378,	260
379,	272
380,	2
381,	212
382,	169
383,	368
384,	2592
385,	269
386,	76
387,	268
388,	271
389,	283
390,	369
392,	839
393,	361
393,	987
394,	990
395,	78
396,	2706
397,	1000
398,	1002
400,	2592
401,	14
402,	162
403,	264
404,	1009
405,	120
406,	169
407,	28
409,	309
410,	267
411,	1017
412,	1016
413,	1021
414,	20
417,	16
418,	228
419,	363
420,	212
421,	2592
423,	270
424,	88
425,	271
426,	272
427,	76
428,	2
429,	67
429,	273
429,	58
430,	274
431,	251
432,	39
433,	218
434,	56
435,	2585
436,	170
2268,	170
438,	193
439,	275
439,	194
440,	160
441,	201
442,	58
443,	22
444,	41
445,	5
446,	276
447,	92
448,	56
449,	76
449,	117
450,	51
451,	277
452,	69
453,	191
454,	278
455,	46
456,	133
457,	2555
458,	175
459,	1169
460,	546
460,	108
461,	939
463,	1003
464,	309
467,	153
468,	264
469,	63
471,	271
472,	1047
472,	117
473,	369
474,	78
476,	2592
477,	58
479,	2
480,	369
481,	26
481,	144
482,	76
483,	283
484,	268
485,	212
486,	120
487,	1064
488,	1072
489,	1077
490,	1083
492,	1091
493,	82
494,	1094
495,	1099
496,	17
497,	649
498,	68
499,	191
500,	1106
501,	1108
502,	1110
503,	170
504,	284
505,	82
506,	17
506,	251
507,	39
508,	5
509,	190
510,	92
511,	175
512,	22
513,	218
514,	286
514,	287
515,	288
516,	197
517,	1160
519,	1172
520,	1174
521,	817
521,	1177
521,	290
521,	62
522,	1180
523,	546
524,	309
525,	14
527,	2
528,	1055
529,	182
530,	292
531,	28
533,	128
534,	1195
535,	1014
537,	402
540,	98
541,	226
542,	16
543,	28
544,	111
544,	130
545,	294
546,	295
547,	2
549,	88
550,	271
551,	1206
552,	369
553,	26
554,	271
556,	78
557,	144
558,	296
558,	130
559,	1116
560,	73
561,	1121
562,	1125
563,	1131
564,	1137
565,	1139
566,	190
2214,	197
568,	1144
569,	17
571,	884
572,	22
573,	293
573,	41
574,	986
575,	1152
576,	1154
577,	56
578,	31
579,	194
580,	298
581,	32
2381,	2611
583,	92
584,	39
585,	251
586,	299
587,	125
588,	68
589,	1214
590,	1219
591,	1125
592,	1125
2218,	56
595,	2602
596,	1233
597,	298
598,	1077
599,	148
601,	1237
602,	22
603,	1238
604,	1240
605,	284
606,	49
607,	17
608,	51
609,	13
610,	133
611,	175
612,	1243
613,	1160
614,	300
615,	1163
615,	162
616,	1247
617,	1250
618,	1252
619,	1256
620,	1259
621,	28
622,	1263
623,	1264
626,	1268
629,	63
631,	309
632,	2602
633,	1278
634,	369
637,	382
639,	283
641,	182
642,	2
643,	116
644,	169
645,	2592
646,	368
648,	76
649,	283
650,	76
651,	26
652,	14
653,	268
654,	166
655,	178
656,	1291
658,	1295
659,	1296
660,	966
661,	1117
662,	124
664,	1291
665,	1312
667,	1128
668,	1321
669,	298
670,	1296
671,	1296
672,	17
674,	136
675,	22
676,	41
677,	1327
678,	1328
680,	252
681,	82
682,	275
683,	51
684,	253
685,	301
686,	2585
687,	197
688,	302
689,	125
690,	251
691,	69
692,	181
693,	98
694,	361
695,	809
696,	1338
697,	1343
698,	1346
699,	1348
700,	1351
701,	309
703,	368
704,	264
705,	100
706,	1264
707,	303
708,	1360
709,	1193
710,	128
711,	1279
712,	78
713,	20
715,	402
717,	226
718,	16
719,	58
720,	130
721,	363
722,	202
724,	209
725,	88
726,	117
727,	369
728,	26
729,	271
730,	76
731,	167
732,	165
733,	1291
734,	5
736,	1383
737,	1312
737,	1385
738,	304
740,	1391
741,	82
743,	1075
745,	58
746,	197
748,	1401
749,	125
751,	171
752,	170
753,	17
754,	124
755,	46
756,	39
757,	133
758,	163
758,	11
758,	190
759,	163
760,	11
761,	41
762,	2555
763,	17
764,	82
765,	1403
766,	156
767,	361
768,	1405
769,	1247
770,	1345
771,	1259
772,	1413
773,	1415
776,	1419
777,	1421
778,	153
779,	122
780,	63
781,	78
782,	309
783,	2602
784,	1427
785,	1426
786,	369
787,	1365
789,	283
790,	130
791,	264
792,	169
793,	271
795,	283
796,	268
797,	127
798,	307
799,	53
800,	2553
801,	100
802,	361
803,	37
804,	202
805,	156
806,	130
807,	78
808,	1495
2383,	2715
809,	1499
810,	309
2383,	196
812,	1496
813,	1434
814,	28
815,	1508
816,	309
817,	128
818,	309
820,	2592
823,	264
824,	308
826,	122
827,	1512
829,	309
830,	209
831,	310
832,	311
833,	1516
834,	1335
835,	20
837,	402
839,	16
840,	130
841,	363
843,	312
844,	313
845,	169
846,	2
847,	14
849,	368
850,	117
851,	369
852,	26
853,	314
854,	268
855,	144
856,	144
856,	204
857,	204
858,	182
859,	1308
860,	190
861,	73
863,	1448
864,	1452
866,	315
867,	82
868,	1465
870,	17
871,	1237
872,	58
873,	316
874,	1399
875,	1226
876,	1244
877,	1484
878,	319
879,	1107
880,	1107
881,	301
882,	320
883,	70
884,	321
885,	251
886,	322
887,	323
888,	98
889,	1489
889,	170
889,	324
889,	5
889,	325
890,	326
891,	1551
892,	5
894,	1557
896,	304
897,	1132
898,	1567
899,	1569
900,	1571
901,	41
902,	327
903,	1574
905,	328
906,	197
907,	1377
908,	1377
909,	1327
910,	1579
911,	1581
912,	252
913,	17
914,	27
915,	316
916,	92
917,	330
918,	46
919,	190
919,	331
919,	163
920,	175
921,	1526
922,	361
923,	1527
924,	179
925,	1495
926,	1508
927,	1534
929,	1536
930,	2681
931,	122
932,	128
933,	1540
934,	2602
935,	1520
936,	369
937,	1544
939,	382
940,	128
941,	122
942,	264
943,	162
944,	2592
945,	161
946,	271
947,	414
948,	209
949,	202
950,	127
951,	130
952,	333
953,	53
954,	1550
955,	1585
956,	1621
957,	1447
958,	1448
959,	1140
961,	1469
962,	1639
963,	1641
964,	17
965,	1105
967,	1645
968,	1647
968,	46
968,	5
969,	1648
970,	1244
971,	56
972,	304
973,	1650
974,	73
975,	253
976,	51
977,	32
978,	220
978,	90
979,	154
980,	197
981,	70
982,	92
983,	251
984,	22
985,	181
986,	46
987,	252
988,	133
989,	163
990,	73
991,	41
992,	361
992,	1590
993,	1339
993,	98
993,	202
994,	1516
994,	1247
995,	997
996,	1594
996,	62
997,	1533
999,	128
1000,	1600
1001,	161
1002,	2592
1004,	2
1005,	2681
1007,	28
1009,	338
1011,	2602
1012,	1608
1013,	1611
1015,	20
1017,	366
1018,	16
1019,	122
1020,	130
1021,	363
1022,	2602
1023,	340
1024,	2
1026,	2592
1027,	88
1028,	117
1029,	26
1030,	52
1031,	58
1032,	14
1033,	361
1033,	62
1034,	156
1035,	264
1036,	340
1037,	88
1033,	102
1038,	10
1039,	102
1040,	361
1041,	1690
1043,	1694
1044,	1695
1045,	1697
1046,	1699
1048,	130
1049,	202
1050,	153
1051,	122
1054,	337
1055,	1704
1056,	1705
1057,	369
1058,	1708
1060,	44
1061,	382
1064,	202
1065,	2
1066,	162
1067,	14
1069,	2592
1070,	52
1071,	369
1072,	20
1073,	1550
1074,	5
1076,	1586
1078,	304
1079,	1672
1082,	1637
1083,	1637
1084,	1678
1085,	1678
1086,	39
1087,	1104
1088,	1104
1089,	197
1090,	22
1091,	46
1092,	1682
1093,	1684
1094,	304
1095,	73
1096,	17
1097,	51
1098,	21
1099,	176
1100,	13
1101,	5
1102,	125
1103,	190
1103,	191
1103,	355
1104,	1444
1105,	1657
1106,	5
1108,	1748
1111,	1232
1111,	1663
1112,	1232
1112,	1675
1113,	3
2247,	2592
1115,	1761
1116,	1761
2231,	201
1119,	1105
1120,	197
1121,	1298
1122,	1767
1123,	297
1124,	1444
1125,	170
1126,	31
1127,	275
1128,	32
1129,	359
1130,	121
1131,	163
1132,	92
1133,	125
1134,	5
1135,	360
1136,	154
1137,	181
1138,	72
1139,	133
1140,	41
1141,	1718
1142,	1718
1143,	1719
1144,	1721
1145,	1536
1146,	28
1147,	1601
1148,	1251
1149,	2592
1150,	1027
1151,	364
1152,	182
1153,	338
1154,	14
1156,	1732
1157,	1734
1159,	365
1160,	74
1161,	366
1162,	28
1163,	178
1164,	130
1165,	202
1166,	167
1167,	101
1168,	313
1169,	116
1170,	2
1172,	368
1173,	2592
1174,	88
1175,	271
1176,	369
1177,	26
1178,	226
1179,	16
1180,	62
1180,	102
1180,	361
1181,	62
1182,	361
1183,	52
1184,	230
1185,	368
1186,	144
1187,	204
1188,	378
1189,	1775
1192,	1782
1193,	1788
1194,	1789
1195,	1789
1196,	1791
1197,	1791
1198,	1765
1199,	1765
1200,	176
1201,	163
1202,	1377
1203,	1066
1204,	92
1205,	252
1206,	190
1207,	305
1208,	27
1209,	197
1210,	302
1211,	373
1212,	39
1213,	133
1214,	22
1215,	175
1216,	46
1217,	374
1218,	41
1218,	375
1219,	17
1220,	1798
1220,	361
1221,	1800
1222,	1721
1223,	1695
1224,	1191
1225,	1805
1226,	128
1227,	1251
1229,	169
1230,	167
1231,	376
1232,	169
1233,	122
1235,	309
1236,	271
1237,	1732
1238,	369
1239,	1814
1240,	1816
1241,	363
1242,	130
1243,	182
1244,	2
1245,	162
1245,	169
1246,	14
1247,	368
1248,	2592
1249,	161
1250,	52
1251,	377
1252,	378
1253,	379
1254,	130
1255,	1589
1257,	1824
1258,	1695
1259,	128
1260,	1804
1261,	178
1263,	382
1264,	2592
1265,	1358
1266,	177
1267,	167
1268,	1835
1269,	309
1270,	14
1272,	1840
1273,	369
1274,	1730
1276,	365
1277,	366
1278,	96
1279,	385
1280,	363
1281,	202
1283,	116
1284,	169
1286,	368
1287,	2592
1288,	88
1289,	271
1290,	117
1291,	369
1292,	269
1293,	226
1294,	16
1295,	230
1295,	62
1295,	102
1295,	361
1296,	26
1297,	387
1298,	368
1299,	144
1300,	162
1301,	5
1302,	1852
1303,	1232
1307,	1869
1309,	1874
1310,	1874
1311,	620
1312,	620
1313,	27
1314,	1879
1315,	13
1316,	197
1317,	163
1318,	1882
1319,	297
1320,	1884
1321,	70
1322,	389
1323,	31
1324,	119
1325,	21
1326,	253
1327,	42
1328,	32
1329,	42
1330,	90
1331,	72
1332,	121
1333,	132
1334,	92
1335,	39
1336,	5
1337,	147
1338,	125
1339,	181
1340,	275
1341,	1890
1342,	1893
1344,	1895
2224,	82
1346,	1663
1347,	1855
1348,	1875
1349,	1875
1350,	1903
1351,	1903
1352,	1905
1353,	1905
1354,	176
1355,	132
1356,	1377
1357,	1377
1358,	297
1359,	125
1360,	190
1361,	109
1362,	27
1363,	84
1364,	22
1365,	163
1366,	253
1367,	163
1368,	391
1370,	1599
1371,	1824
1373,	1802
1374,	1919
1375,	387
1376,	1729
1377,	169
1378,	394
1379,	130
1380,	128
1382,	309
1383,	1798
1384,	1845
1385,	1928
1386,	20
1387,	365
1388,	74
1390,	96
1392,	122
1393,	177
1394,	162
1394,	169
1395,	14
1396,	368
1397,	2592
1398,	369
1399,	397
1400,	271
1401,	202
1402,	167
1403,	16
1404,	161
1405,	37
1406,	79
1407,	399
1408,	393
1409,	380
1410,	81
1411,	108
1412,	62
1413,	87
1414,	161
1415,	2592
1416,	363
1417,	382
1418,	400
1419,	202
1420,	26
1420,	307
1421,	96
1422,	2602
1423,	401
1424,	271
1425,	144
1426,	402
1427,	365
1428,	96
1429,	178
1430,	35
1431,	130
1432,	122
1433,	202
1434,	182
1435,	2602
1436,	117
1437,	122
1438,	116
1439,	169
1440,	14
1441,	186
1442,	368
1443,	117
1444,	369
1445,	269
1446,	397
1447,	74
1448,	419
1449,	162
1450,	130
1451,	101
1452,	283
1453,	144
1454,	405
1455,	1934
1456,	1940
2261,	117
1458,	56
1459,	1948
1460,	1950
1461,	3
1462,	3
1463,	190
1464,	190
1465,	27
1466,	13
1467,	13
1468,	176
1469,	176
1470,	1377
1471,	406
1472,	125
1473,	70
1474,	170
1475,	31
1476,	51
1477,	42
1478,	32
1479,	42
1480,	84
1481,	121
1482,	132
1483,	70
1484,	92
1485,	125
1486,	5
1487,	147
1488,	22
1489,	55
1490,	154
1491,	391
1492,	181
1493,	190
1495,	56
1496,	1970
1498,	1976
2257,	96
1502,	1862
1503,	1862
1504,	1994
1505,	1994
1508,	176
1509,	163
2213,	197
1511,	406
1512,	125
1513,	84
1514,	3
1515,	253
1516,	51
1517,	176
1518,	13
1519,	72
1520,	39
1521,	133
1522,	175
1523,	372
1524,	407
1525,	3
1526,	37
1527,	26
1528,	50
1529,	408
1530,	380
1531,	2018
1532,	2020
1533,	28
1535,	2027
1536,	87
1537,	2029
1538,	178
1539,	182
1540,	411
1541,	2034
1542,	26
1545,	309
1546,	114
1547,	2041
1549,	365
1550,	74
1551,	366
1552,	363
1553,	131
1554,	204
1555,	98
1557,	368
1558,	309
1559,	88
1560,	271
1561,	161
1562,	414
1563,	20
1564,	2
1565,	368
1566,	122
1567,	2084
1568,	385
1569,	26
1570,	50
1571,	361
1572,	416
1573,	1695
1574,	2092
1575,	2092
1577,	2097
1578,	178
1579,	309
1580,	87
1581,	2592
1582,	2103
1583,	2103
1584,	202
1585,	128
1586,	102
1588,	309
1589,	2602
1590,	2111
1591,	114
1592,	2116
1593,	20
1594,	365
1595,	79
1596,	96
1597,	130
1598,	122
1599,	363
1600,	202
1601,	421
1602,	169
1603,	186
1604,	112
1605,	368
1606,	178
1607,	161
1608,	87
1609,	271
1610,	117
1611,	369
1612,	26
1613,	74
1616,	130
1617,	368
1615,	62
1618,	182
1619,	144
1620,	1963
1621,	1857
2209,	190
1623,	2059
1625,	1785
1627,	2072
1628,	2071
1629,	39
1630,	39
1631,	27
1632,	1878
1633,	1878
1634,	2079
1635,	2079
1636,	176
1637,	422
1639,	175
1640,	73
1641,	190
1642,	424
1643,	51
1644,	31
1645,	42
1646,	22
1647,	70
1648,	92
1649,	422
1650,	147
1651,	253
1652,	425
1654,	2128
1655,	2131
1656,	2133
1657,	2140
1658,	2143
1659,	2143
1666,	84
1667,	427
1668,	2152
1669,	427
1670,	2154
1671,	428
1672,	109
1673,	253
1674,	51
1675,	132
1676,	121
1677,	39
1678,	175
1679,	55
1680,	13
1680,	163
1681,	41
1682,	2159
1683,	50
1684,	2159
1685,	430
1686,	2165
1687,	2168
1688,	2168
1690,	2172
1693,	2179
1694,	169
1695,	98
1696,	433
1698,	26
1702,	114
1703,	2187
1704,	2190
1707,	74
1708,	88
1709,	16
1709,	2194
1710,	130
1711,	182
1712,	169
1713,	116
1715,	363
1716,	87
1717,	369
1718,	397
1719,	128
1720,	283
1721,	2198
1722,	2200
1722,	2199
1726,	119
1727,	2213
1728,	2156
1729,	2216
1730,	2216
1731,	2218
1732,	22
1733,	2219
1734,	12
1735,	2221
1736,	427
1737,	92
1738,	84
1739,	31
1740,	170
1741,	55
1742,	42
1743,	298
1744,	32
1745,	163
1746,	132
1747,	70
1748,	125
1749,	5
1750,	133
1751,	147
1752,	438
1753,	181
1754,	2226
1755,	2226
1757,	385
1758,	2229
1759,	2230
1760,	2230
1762,	2235
1763,	161
1764,	309
1764,	2237
1765,	363
1766,	178
1767,	430
1768,	441
1769,	430
1770,	2242
1771,	2242
1772,	368
1773,	114
1774,	2246
1775,	369
1776,	2707
1777,	20
1778,	365
1779,	79
1780,	96
1781,	128
1782,	35
1783,	162
1784,	442
1785,	202
1786,	2602
1786,	2250
1787,	116
1788,	169
1789,	79
1790,	2592
1791,	117
1792,	26
1793,	74
1794,	16
1796,	368
1797,	182
1798,	101
1799,	2198
1800,	1452
1801,	2203
1804,	2280
1805,	2213
1806,	2213
1807,	2215
1808,	298
1809,	51
1810,	51
1811,	2218
1812,	55
1813,	163
1814,	2285
1815,	297
1816,	297
1817,	2287
1818,	181
1819,	170
1820,	444
1821,	437
1822,	72
1823,	121
1824,	42
1825,	163
1826,	119
1827,	1919
1829,	1919
1830,	50
1831,	2254
1832,	2257
1833,	10
1834,	2592
1835,	98
1836,	445
1837,	446
1838,	447
1839,	446
1840,	2236
1841,	2262
1843,	2265
1844,	2263
1845,	269
1846,	2034
1847,	114
1848,	1804
1849,	402
1850,	365
1851,	74
1852,	88
1853,	116
1854,	182
1855,	155
1856,	449
1857,	309
1858,	88
1859,	369
1860,	369
1861,	450
1862,	130
1863,	144
1864,	161
1865,	53
1867,	2298
1868,	1237
1868,	55
1870,	56
1871,	2310
1872,	2313
1873,	2315
1874,	2317
1875,	2317
1876,	2319
1877,	2321
1878,	2322
1879,	2322
2248,	366
1881,	2325
1882,	2326
1883,	2326
1884,	427
1885,	427
1886,	2331
1888,	84
1888,	175
1889,	39
1890,	252
1891,	121
1892,	109
1893,	51
1894,	13
1895,	163
1896,	125
1897,	147
1898,	190
1899,	181
1900,	170
1901,	453
1902,	31
1903,	125
1904,	119
1905,	2602
1906,	2339
1907,	2338
1908,	96
1909,	2344
1910,	2346
1911,	2346
1912,	131
1913,	4
1914,	2350
1915,	169
1916,	445
1917,	456
1918,	178
1919,	457
1921,	2359
1923,	449
1926,	2370
1927,	2370
1928,	369
1929,	2377
1930,	50
1931,	365
1932,	88
1933,	35
1934,	130
1935,	130
1936,	445
1937,	98
1938,	202
1939,	116
1940,	79
1941,	2592
1942,	10
1943,	369
1944,	117
1945,	269
1946,	178
1947,	283
1946,	128
1948,	461
1949,	16
1950,	2602
1950,	117
1951,	52
1952,	22
1952,	366
1949,	283
1953,	462
1954,	2381
1955,	2381
1956,	2381
1957,	2382
1958,	2384
1959,	2371
1960,	4
1961,	10
1962,	87
1963,	2592
1964,	2386
1965,	169
1967,	130
1967,	22
1968,	8
1969,	2390
1970,	2390
1972,	2264
1973,	2395
1974,	2396
1975,	2356
1976,	114
1977,	2117
1978,	50
1979,	365
1980,	150
1981,	88
1982,	16
1983,	283
1984,	178
1985,	182
1986,	116
1987,	449
1988,	309
1989,	161
1990,	88
1990,	87
1991,	52
1992,	369
1993,	414
1994,	128
1995,	28
1996,	20
1997,	10
1996,	446
1998,	62
1999,	144
2000,	1452
2001,	2298
2003,	2413
2005,	1898
2006,	1898
2007,	42
2008,	42
2009,	190
2010,	190
2011,	13
2012,	163
2013,	464
2014,	147
2015,	147
2016,	125
2017,	181
2018,	170
2019,	451
2020,	31
2021,	437
2022,	51
2023,	84
2024,	92
2025,	466
2026,	5
2027,	175
2028,	72
2029,	55
2030,	451
2031,	453
2032,	201
2033,	2459
2034,	2462
2035,	2462
2036,	2467
2037,	2467
2038,	2469
2038,	56
2039,	53
2040,	2473
2041,	2476
2042,	73
2043,	2335
2044,	298
2045,	2319
2046,	2319
2047,	2479
2048,	163
2049,	468
2050,	2481
2051,	5
2052,	427
2053,	427
2054,	2288
2055,	84
2056,	112
2057,	2484
2059,	119
2060,	109
2061,	470
2062,	21
2063,	13
2064,	92
2065,	133
2066,	147
2067,	181
2068,	42
2069,	437
2070,	132
2071,	2422
2072,	2602
2073,	2424
2074,	2424
2076,	4
2077,	2429
2078,	474
2079,	128
2080,	2349
2081,	4
2082,	161
2083,	173
2084,	474
2085,	475
2086,	476
2087,	295
2088,	477
2089,	102
2090,	2436
2091,	96
2093,	449
2094,	2602
2096,	2445
2097,	2444
2098,	114
2099,	2448
2100,	20
2101,	365
2102,	150
2103,	96
2104,	28
2105,	178
2106,	35
2107,	478
2108,	202
2109,	98
2110,	169
2111,	479
2113,	2592
2114,	87
2115,	52
2116,	59
2117,	269
2118,	74
2119,	16
2120,	182
2121,	366
2122,	480
2123,	2487
2124,	2487
2125,	2487
2126,	96
2127,	2488
2128,	2117
2129,	2427
2130,	4
2131,	131
2132,	162
2133,	2493
2134,	478
2135,	202
2136,	130
2138,	2497
2140,	2499
2141,	2500
2142,	2503
2143,	2502
2144,	114
2145,	2505
2146,	365
2147,	74
2148,	132
2149,	482
2150,	402
2151,	2592
2152,	178
2153,	96
2154,	16
2155,	283
2156,	155
2157,	309
2158,	161
2159,	43
2160,	87
2161,	369
2162,	130
2163,	98
2164,	20
2165,	26
2166,	62
2167,	382
2212,	27
2169,	2511
2171,	2517
2172,	2518
2173,	2520
2174,	2521
2175,	2074
2176,	2525
2177,	56
2178,	2475
2180,	2471
2181,	2532
2182,	2216
2183,	22
2184,	2079
2185,	2079
2186,	464
2187,	285
2188,	92
2189,	181
2190,	2536
2191,	252
2192,	121
2193,	437
2194,	302
2195,	163
2196,	70
2197,	125
2198,	39
2199,	483
2200,	5
2201,	175
2202,	170
33,	489
33,	487
33,	485
33,	48
33,	484
33,	486
33,	488
35,	497
35,	495
35,	493
35,	491
35,	190
35,	494
35,	496
36,	500
36,	498
36,	27
36,	499
36,	501
37,	508
39,	512
39,	510
39,	170
39,	509
39,	511
39,	513
40,	73
40,	515
41,	93
42,	520
43,	39
43,	521
44,	524
45,	526
45,	58
45,	525
45,	527
46,	192
47,	72
48,	533
49,	534
49,	193
49,	535
50,	538
50,	125
50,	537
50,	539
61,	196
68,	543
68,	542
68,	361
69,	545
69,	202
69,	546
69,	548
71,	552
71,	550
71,	203
71,	549
71,	551
71,	553
71,	555
72,	556
72,	108
72,	557
72,	559
73,	562
73,	560
73,	204
74,	566
74,	564
74,	563
74,	565
75,	2592
76,	363
77,	207
77,	146
77,	571
77,	573
78,	574
79,	575
80,	264
81,	577
82,	149
82,	579
83,	580
84,	583
84,	581
84,	582
85,	584
86,	26
86,	585
86,	587
87,	365
100,	589
90,	590
98,	283
101,	2703
102,	598
102,	594
102,	97
102,	595
102,	597
2269,	514
104,	604
104,	151
104,	605
104,	607
2243,	50
2242,	62
2241,	81
2241,	28
2240,	108
106,	514
107,	2602
107,	613
108,	82
108,	615
109,	619
109,	617
109,	69
109,	618
109,	494
2206,	2585
110,	624
111,	76
112,	626
112,	627
112,	629
112,	191
113,	631
113,	197
114,	68
114,	632
115,	41
115,	634
116,	636
116,	5
116,	637
117,	640
117,	164
117,	639
117,	641
118,	644
118,	125
118,	643
118,	645
119,	31
140,	2703
141,	659
141,	657
141,	655
141,	48
141,	654
141,	656
141,	658
141,	660
141,	598
142,	502
143,	674
144,	163
145,	680
145,	678
145,	676
145,	134
145,	677
146,	681
146,	62
146,	682
146,	684
147,	685
149,	686
150,	688
150,	162
151,	689
152,	220
152,	690
152,	692
153,	693
155,	694
156,	267
157,	696
158,	117
158,	697
158,	699
159,	369
160,	269
161,	224
161,	705
162,	365
163,	366
164,	361
165,	212
167,	713
187,	549
188,	722
188,	721
2203,	724
2203,	723
2203,	725
219,	730
219,	671
219,	727
219,	48
219,	652
219,	729
219,	487
219,	2703
220,	659
220,	629
220,	604
220,	56
220,	617
220,	656
220,	657
220,	660
221,	502
222,	501
223,	740
224,	745
224,	743
224,	149
224,	742
224,	613
224,	744
224,	746
224,	589
225,	284
226,	748
227,	298
228,	39
228,	628
229,	160
229,	753
230,	755
230,	157
230,	754
230,	756
230,	758
231,	759
232,	636
233,	193
234,	175
234,	764
234,	766
238,	767
239,	649
189,	768
189,	361
190,	202
192,	686
193,	574
194,	234
194,	779
194,	781
195,	681
195,	62
195,	683
195,	782
196,	2592
197,	366
198,	787
198,	785
198,	146
198,	786
198,	788
198,	790
199,	182
199,	792
200,	793
201,	794
202,	795
203,	796
203,	682
204,	797
205,	800
205,	798
205,	799
206,	801
206,	26
206,	802
206,	804
207,	365
209,	806
210,	264
247,	37
247,	808
248,	718
249,	269
250,	817
251,	88
251,	685
253,	819
254,	368
255,	822
256,	169
256,	823
256,	825
257,	793
258,	826
260,	827
263,	222
263,	828
263,	830
264,	833
264,	831
264,	26
265,	224
266,	365
268,	212
269,	840
278,	186
279,	209
282,	843
285,	844
290,	846
290,	676
290,	62
290,	845
290,	776
290,	848
291,	854
291,	717
291,	851
291,	849
291,	108
291,	850
291,	853
292,	858
292,	856
292,	609
292,	73
292,	855
292,	857
292,	859
292,	861
292,	484
293,	614
294,	190
295,	496
296,	751
296,	194
296,	870
296,	871
298,	873
298,	32
298,	218
299,	163
300,	22
301,	41
301,	877
302,	5
302,	638
303,	880
303,	251
303,	881
304,	883
304,	92
304,	884
307,	252
311,	197
324,	2703
324,	487
324,	889
324,	888
324,	886
324,	48
324,	887
325,	48
326,	82
327,	896
327,	894
327,	892
327,	48
327,	56
327,	893
327,	895
327,	897
327,	898
328,	901
328,	253
328,	201
328,	900
328,	902
328,	904
329,	908
329,	766
329,	906
329,	170
329,	671
329,	907
329,	642
330,	168
362,	204
363,	912
363,	144
363,	913
363,	914
364,	915
364,	685
365,	366
366,	259
366,	918
366,	920
367,	182
368,	845
369,	850
370,	924
370,	923
371,	2602
372,	117
372,	828
372,	927
373,	928
374,	929
374,	26
374,	930
374,	932
375,	365
376,	554
378,	937
380,	938
391,	830
392,	942
392,	943
392,	945
392,	361
331,	858
331,	947
331,	73
331,	946
331,	857
331,	860
331,	948
332,	2602
333,	950
334,	298
335,	275
336,	955
337,	201
338,	958
339,	959
340,	46
340,	960
341,	962
341,	961
342,	175
342,	964
343,	284
350,	966
354,	484
354,	662
354,	886
354,	48
354,	887
354,	751
354,	967
355,	636
356,	190
357,	895
357,	973
357,	971
357,	969
357,	56
357,	970
357,	972
357,	878
357,	660
357,	975
2238,	201
2237,	201
2236,	201
2235,	201
2234,	201
2233,	201
2232,	2585
358,	896
359,	982
359,	980
359,	978
359,	252
359,	671
359,	979
359,	981
359,	603
359,	984
360,	197
393,	37
394,	823
394,	202
394,	988
394,	989
394,	991
395,	996
395,	994
395,	776
395,	992
395,	928
395,	993
395,	995
396,	998
396,	263
396,	559
397,	234
397,	999
397,	1001
398,	62
398,	1003
399,	1183
401,	1006
402,	1007
403,	1008
404,	265
404,	1010
405,	1011
406,	1012
407,	1013
408,	186
410,	1016
411,	268
411,	1018
412,	269
412,	1019
412,	843
413,	26
413,	1020
413,	1022
414,	1023
415,	365
416,	366
417,	1025
422,	186
423,	1019
459,	1007
459,	988
459,	162
459,	1027
459,	1028
459,	1030
460,	279
460,	1011
461,	1031
461,	137
461,	559
461,	1032
462,	204
463,	1034
463,	144
463,	1035
463,	1036
464,	1037
464,	1010
465,	363
466,	1183
467,	1040
468,	1041
469,	1042
470,	186
471,	1045
472,	272
472,	1046
472,	1048
473,	1049
474,	933
474,	1051
474,	1050
474,	1052
475,	365
478,	204
479,	1055
482,	1056
483,	1057
484,	1058
487,	1062
487,	1060
487,	53
487,	1059
487,	1061
487,	1063
487,	1065
488,	894
488,	1069
488,	1067
488,	56
488,	1066
488,	1068
488,	1070
488,	1071
488,	1073
489,	1075
489,	27
489,	1074
489,	1076
489,	975
490,	1082
490,	1080
490,	1078
490,	31
490,	1079
490,	1081
490,	981
490,	1084
491,	366
492,	284
492,	1092
493,	1093
494,	634
494,	69
494,	959
494,	1095
495,	1097
495,	190
495,	1096
495,	1098
495,	1100
496,	1101
497,	986
497,	32
497,	1102
497,	1103
498,	1104
499,	1105
500,	46
500,	884
501,	285
501,	1107
501,	1109
502,	125
502,	1111
504,	1112
508,	986
510,	883
515,	1113
559,	1067
559,	53
559,	1114
559,	1115
559,	603
560,	1117
561,	501
561,	894
561,	1118
561,	56
561,	867
561,	1119
561,	1120
561,	1122
562,	1124
562,	1107
562,	201
562,	1123
562,	1077
562,	1126
563,	1091
563,	1080
563,	1128
563,	252
563,	1127
563,	1068
563,	1129
563,	1130
563,	1132
564,	1135
564,	1133
564,	268
564,	1134
564,	1136
564,	1138
565,	284
565,	1092
566,	1140
2214,	163
2213,	13
567,	1223
568,	27
568,	1145
569,	1146
570,	2585
571,	13
571,	1150
572,	1113
573,	1151
574,	133
574,	533
575,	297
575,	1153
576,	175
576,	1122
581,	1155
582,	197
582,	1156
583,	883
588,	1158
517,	37
517,	1159
2382,	671
518,	1260
519,	62
519,	1171
519,	1173
520,	179
520,	942
520,	1175
521,	289
521,	179
521,	1176
521,	1178
521,	1179
522,	291
522,	779
522,	1000
523,	108
523,	1181
524,	1182
524,	1183
525,	1184
526,	368
527,	938
528,	220
528,	1188
528,	1189
529,	1190
530,	938
531,	1191
532,	2592
533,	1194
534,	269
534,	1196
535,	26
535,	1197
535,	1198
536,	365
538,	1151
539,	366
542,	1201
543,	1202
546,	1203
548,	186
550,	1205
551,	222
551,	1207
554,	1208
555,	414
589,	1068
589,	1211
589,	38
589,	1210
589,	1212
589,	1213
589,	1116
590,	894
590,	1218
590,	1216
590,	1114
590,	56
590,	1127
590,	1215
590,	1217
590,	867
590,	1060
590,	1220
591,	1222
591,	1067
591,	1221
591,	218
591,	1107
591,	1144
591,	1143
591,	1122
592,	1144
592,	1107
592,	253
592,	1221
592,	1067
592,	1222
592,	1122
2217,	125
2217,	92
2216,	133
2215,	197
2215,	13
2215,	163
2214,	13
593,	1223
594,	366
595,	1232
595,	1231
596,	82
596,	1234
598,	1152
598,	275
598,	496
598,	1145
599,	891
600,	2585
601,	197
601,	1148
602,	986
603,	251
603,	1239
604,	92
604,	1072
605,	1241
606,	1242
610,	882
612,	68
612,	1244
613,	546
613,	37
613,	1245
613,	1246
615,	202
615,	1247
615,	1248
616,	202
616,	1163
617,	1195
617,	62
617,	918
617,	1249
617,	1194
618,	137
618,	1251
618,	1253
619,	1255
619,	179
619,	1254
619,	1007
619,	1257
620,	179
620,	1258
620,	1260
621,	1261
622,	144
622,	1262
622,	566
623,	131
623,	1265
624,	363
625,	363
626,	169
626,	1055
627,	1422
628,	1185
629,	1271
630,	186
631,	1275
632,	1277
632,	1276
633,	117
633,	1279
634,	1280
635,	1282
636,	365
638,	414
639,	1286
640,	1183
641,	1287
642,	1288
647,	414
649,	1289
653,	1290
656,	53
656,	1212
656,	1060
657,	2553
658,	1293
658,	45
658,	1221
658,	1294
658,	1125
659,	171
659,	1146
660,	1219
660,	1068
660,	53
660,	1297
660,	1298
660,	1299
660,	1137
661,	73
661,	1300
661,	1301
662,	1149
663,	1622
664,	1307
664,	27
664,	1306
664,	1308
664,	1122
665,	1310
665,	649
665,	1128
665,	201
665,	1069
665,	1309
665,	1311
665,	1313
666,	414
667,	170
667,	647
668,	298
668,	1322
669,	1321
670,	190
670,	1140
670,	1146
671,	190
671,	1140
671,	1146
672,	891
673,	1235
674,	1325
675,	986
676,	1326
677,	133
677,	533
678,	297
678,	1329
679,	1330
680,	1333
684,	1334
694,	1337
694,	1336
694,	1335
694,	809
695,	1335
695,	37
695,	1336
695,	1337
696,	131
696,	1339
697,	1341
697,	1340
697,	179
697,	1247
697,	1009
697,	1342
697,	1344
698,	698
698,	179
698,	913
698,	1345
698,	1256
699,	234
699,	1347
699,	1349
700,	62
700,	1350
700,	1044
701,	1353
701,	1352
701,	1354
702,	368
704,	1356
705,	1357
706,	182
706,	1358
707,	1359
708,	28
708,	1202
709,	14
709,	1361
710,	1362
711,	117
711,	1363
711,	1364
712,	1367
712,	1365
712,	1366
713,	1023
714,	365
716,	366
718,	1370
723,	186
724,	1372
726,	1373
731,	1374
733,	1375
733,	1069
733,	201
733,	1068
733,	1144
733,	1308
733,	1376
734,	1377
735,	1622
736,	1381
736,	1154
736,	1313
736,	253
736,	1380
736,	1321
736,	1382
736,	1384
737,	56
737,	31
737,	1078
737,	1386
737,	1296
739,	366
740,	252
740,	1333
740,	1146
742,	1568
743,	27
743,	1328
744,	2585
745,	1325
746,	1150
747,	636
748,	251
748,	1400
748,	1402
750,	304
751,	1128
758,	1300
763,	1300
765,	1338
765,	37
765,	698
765,	1404
767,	1404
767,	698
767,	1338
767,	1403
768,	1369
768,	128
768,	1194
768,	1406
769,	131
769,	1407
770,	128
770,	1340
770,	817
771,	1408
771,	179
771,	1409
771,	1410
772,	1044
772,	62
772,	1411
772,	1412
772,	1414
773,	144
773,	1353
774,	363
775,	363
776,	169
776,	1420
777,	301
777,	1420
778,	1422
779,	1359
781,	1424
781,	1423
782,	1193
783,	918
784,	1425
784,	59
784,	1426
784,	1364
785,	59
785,	1425
785,	1166
786,	1428
787,	1429
787,	26
787,	1430
787,	1431
788,	365
789,	1432
790,	1433
791,	1434
794,	414
796,	1436
859,	1068
859,	1437
859,	201
859,	1385
859,	1069
859,	1291
861,	1117
862,	1622
863,	1446
863,	1444
863,	27
863,	1445
863,	1447
863,	1449
864,	1450
864,	1333
864,	56
864,	1394
864,	1451
864,	1453
865,	414
866,	1460
867,	1461
868,	1464
868,	1462
868,	56
868,	1463
868,	1328
868,	1466
869,	1467
870,	1473
871,	163
871,	1113
871,	1474
872,	1475
873,	1476
874,	46
874,	1477
874,	1478
875,	297
875,	1479
875,	1132
876,	317
876,	1480
876,	1481
877,	1482
877,	318
877,	1483
877,	1485
879,	31
879,	1486
879,	1487
880,	195
880,	1488
881,	620
889,	181
889,	1377
802,	1337
802,	1159
802,	1490
803,	1337
805,	1491
807,	1404
807,	1493
807,	1369
807,	1492
807,	1494
808,	137
808,	1247
809,	1497
809,	1496
809,	1498
809,	1494
809,	309
810,	1499
810,	1497
810,	1496
810,	1494
811,	1499
811,	1496
811,	1500
811,	1494
812,	1494
812,	1497
812,	1501
812,	1499
812,	309
813,	179
813,	1503
814,	1202
815,	1506
815,	1504
815,	62
815,	1505
815,	1507
815,	1509
816,	1505
816,	1508
817,	817
818,	1421
819,	2592
821,	366
822,	366
823,	1433
824,	1511
825,	1422
826,	1355
827,	28
827,	1513
828,	186
830,	1193
831,	1193
832,	1428
833,	117
833,	1373
834,	144
834,	1517
835,	1023
836,	365
838,	366
839,	1521
842,	202
843,	1278
844,	1278
848,	186
850,	1524
921,	1525
921,	37
921,	1159
921,	1337
922,	1337
922,	1159
922,	1525
922,	1526
923,	108
923,	1503
924,	1528
2204,	1531
2204,	1529
2204,	1530
2204,	1532
925,	179
925,	1533
926,	1505
926,	62
926,	1507
926,	1509
927,	88
927,	1493
928,	363
929,	169
929,	1537
930,	182
931,	1538
932,	1539
933,	14
933,	1275
934,	1428
935,	95
935,	1541
936,	1542
937,	26
937,	1543
937,	1545
938,	365
940,	1547
942,	1548
891,	1068
891,	1549
891,	53
891,	1437
891,	615
891,	1550
891,	1122
892,	1377
893,	1622
894,	1556
894,	1453
894,	22
894,	1476
894,	1445
894,	1462
895,	2454
896,	1561
897,	1564
897,	1451
897,	170
897,	1562
897,	1563
897,	624
897,	1565
898,	31
898,	1566
898,	1155
899,	298
899,	1568
899,	1473
900,	275
900,	1570
900,	1572
901,	1573
902,	1573
903,	1396
903,	163
903,	1113
903,	1575
904,	2585
905,	1576
906,	1104
907,	5
907,	1327
907,	1577
908,	46
908,	1327
908,	1577
909,	329
909,	1577
910,	251
910,	1578
910,	1580
911,	92
911,	1383
912,	1582
952,	1247
953,	1583
954,	334
954,	1584
955,	65
955,	1586
992,	1588
992,	37
992,	1587
992,	1589
993,	130
993,	1359
994,	44
994,	62
994,	1591
994,	1531
995,	137
995,	1592
996,	44
996,	1593
996,	1531
997,	234
997,	1595
997,	1596
998,	1698
999,	1599
1000,	144
1000,	1601
1003,	366
1004,	1603
1005,	182
1006,	376
1008,	1193
1009,	1275
1010,	2592
1011,	1607
1012,	269
1012,	1609
1013,	26
1013,	1610
1013,	1612
1014,	402
1015,	1614
1016,	365
1025,	186
1028,	1617
1038,	1618
956,	1619
956,	53
956,	1620
956,	1550
957,	1623
957,	1463
957,	56
957,	1622
957,	1554
957,	1624
958,	1584
958,	201
958,	1586
958,	1625
958,	1626
959,	39
959,	1627
959,	1628
960,	414
961,	1635
961,	31
961,	1636
961,	871
962,	1637
962,	3
962,	1638
962,	1640
963,	27
963,	1320
964,	1642
965,	176
965,	1396
965,	1643
966,	2585
967,	13
967,	1644
967,	1646
968,	329
968,	1377
969,	297
969,	1649
970,	125
970,	1388
973,	336
973,	1651
974,	1652
977,	1653
985,	1654
1073,	1656
1073,	352
1073,	1655
1073,	1632
1073,	1657
1074,	1377
1075,	1622
1076,	1663
1076,	1661
1076,	253
1076,	1662
1076,	1664
1076,	1665
2211,	190
2210,	298
1077,	2454
1079,	1670
1079,	1668
1079,	353
1079,	1669
1079,	1671
1079,	1673
1080,	252
1081,	252
1082,	56
1082,	1639
1083,	56
1083,	1639
1084,	275
1084,	1642
1085,	275
1085,	1642
1086,	624
1087,	163
1087,	1396
1087,	1679
1088,	163
1088,	1396
1088,	1679
1089,	1680
1090,	1105
1091,	1681
1092,	297
1092,	1683
1093,	92
1093,	1072
1095,	1685
1097,	1686
1099,	1687
1101,	1688
1040,	1690
1040,	1588
1040,	1689
1041,	1588
1041,	37
1041,	1689
1041,	1691
1042,	1720
1043,	75
1043,	550
1043,	1493
1044,	179
1044,	1593
1044,	1696
1045,	271
1045,	1698
1046,	269
1046,	1700
1047,	2681
1048,	1536
1049,	932
1050,	1701
1051,	1614
1052,	366
1053,	186
1054,	1275
1055,	345
1055,	1609
1056,	117
1056,	1706
1057,	1533
1058,	26
1058,	1707
1058,	1709
1059,	365
1060,	1711
1062,	283
1063,	204
1065,	1159
1066,	1715
1068,	368
1070,	1717
1104,	65
1104,	1626
1141,	361
1141,	1695
1142,	37
1142,	1695
1143,	108
1143,	1720
1144,	362
1144,	1493
1145,	234
1145,	1722
1145,	1723
1146,	1724
1147,	62
1147,	1725
1147,	1726
1148,	131
1148,	1727
1150,	363
1150,	1339
1151,	1728
1152,	1729
1153,	1730
1154,	1731
1155,	830
1156,	269
1156,	1524
1157,	144
1157,	1733
1157,	1735
1158,	402
1159,	1736
1161,	1737
1163,	1738
1166,	1739
1171,	186
1172,	1741
1175,	1742
1179,	1743
1183,	1744
1105,	356
1105,	657
1105,	1586
1106,	1377
1107,	1622
1108,	1550
1108,	27
1108,	1104
1108,	1679
1108,	1320
1109,	2454
1110,	414
1111,	1636
1111,	358
1111,	252
1111,	1675
1111,	1072
1111,	1131
1112,	252
1112,	358
1112,	1636
1112,	1663
1112,	1131
2246,	368
2245,	368
1114,	1759
1115,	39
1115,	1762
1116,	39
1116,	1762
1117,	2276
2230,	201
1118,	1105
1119,	176
1119,	1575
1120,	1765
1121,	13
1121,	1766
1122,	46
1122,	1681
1123,	1768
1124,	22
1124,	1769
1125,	1770
1127,	1771
1128,	1772
1129,	1773
1134,	1688
1137,	1654
1189,	1396
1189,	201
1189,	1774
1189,	1586
1190,	1622
1191,	2049
1192,	56
1192,	1750
1192,	1320
1193,	1786
1193,	1784
1193,	170
1193,	1783
1193,	1785
1193,	1787
1193,	1756
1194,	298
1194,	1790
1195,	298
1195,	1790
1196,	275
1196,	1792
1197,	275
1197,	1792
1198,	372
1198,	1793
1199,	372
1199,	1793
1200,	1794
1201,	1795
1202,	5
1202,	1688
1203,	297
1203,	1768
1204,	1761
1205,	1796
1206,	1797
1209,	1687
1220,	37
1220,	1718
1220,	1799
1221,	108
1221,	1801
1222,	77
1222,	1493
1223,	179
1223,	1609
1224,	28
1224,	1802
1225,	1804
1225,	62
1225,	1803
1225,	1601
1225,	1726
1226,	1806
1227,	75
1227,	1807
1228,	366
1229,	1536
1230,	1809
1231,	1701
1232,	1614
1233,	1810
1234,	186
1235,	1275
1236,	1717
1237,	117
1237,	1725
1238,	1812
1239,	269
1239,	1813
1239,	1815
1240,	365
1240,	1817
1242,	1818
1243,	1268
1244,	1819
1247,	1741
1250,	1820
1251,	1821
1255,	361
1255,	1822
1255,	1690
1256,	1720
1257,	380
1257,	1818
1258,	131
1258,	1825
1258,	1826
1259,	1827
1260,	918
1260,	62
1260,	1828
1260,	1829
1260,	1830
1262,	309
1263,	1832
1265,	363
1265,	1729
1266,	1833
1267,	1834
1268,	102
1268,	1836
1269,	1837
1270,	1811
1271,	2602
1272,	117
1272,	1839
1272,	1841
1273,	1842
1274,	26
1274,	913
1274,	1843
1275,	402
1276,	1845
1277,	1846
1282,	1810
1285,	186
1294,	1850
1294,	1849
1302,	56
1302,	1851
1302,	1853
1303,	1854
1303,	22
1303,	655
1303,	1855
1303,	1781
1304,	2454
1305,	201
1306,	414
1307,	170
1307,	1868
1307,	1870
1308,	1663
1309,	298
1309,	1875
1310,	298
1310,	1875
1311,	1642
1311,	190
1311,	1876
1311,	1877
1312,	1642
1312,	190
1312,	1876
1312,	1877
1313,	1878
1314,	13
1314,	1880
1315,	1880
1316,	1765
1317,	1881
1318,	133
1318,	1883
1319,	1441
1320,	388
1320,	1885
1322,	1886
1323,	1887
1326,	1779
1328,	1888
1330,	1889
1341,	356
1341,	1851
1341,	1853
1342,	1440
1342,	1892
1342,	1856
1342,	39
1342,	1891
1342,	1862
1342,	1776
1342,	1883
1343,	2454
1344,	253
1344,	1859
1344,	1896
2223,	190
2222,	55
2221,	5
2220,	201
2219,	190
1345,	1948
1346,	31
1346,	1773
1346,	1901
1347,	1773
1347,	31
1347,	1663
1347,	1901
1348,	3
1348,	1877
1349,	3
1349,	1877
1350,	51
1350,	1902
1350,	1904
1351,	51
1351,	1902
1351,	1904
1352,	121
1352,	1906
1353,	121
1353,	1906
1354,	1881
1355,	1794
1356,	5
1356,	1688
1357,	5
1357,	1688
1358,	1441
1359,	1907
1361,	1908
1363,	1889
1369,	1822
1370,	108
1370,	1911
1371,	392
1371,	1912
1372,	1720
1373,	1914
1373,	28
1373,	1915
1373,	1916
1374,	1917
1374,	62
1374,	1829
1374,	1918
1374,	1830
1375,	1831
1376,	366
1376,	1808
1377,	1920
1378,	1921
1379,	1922
1380,	1923
1381,	186
1383,	395
1383,	1926
1384,	269
1384,	1927
1384,	1836
1385,	144
1385,	1848
1385,	1929
1389,	419
1391,	283
1392,	1810
1393,	1819
2205,	1932
1455,	1933
1455,	201
1455,	1440
1455,	1935
1456,	1938
1456,	1936
1456,	175
1456,	1937
1456,	1939
1456,	1941
2260,	271
2259,	368
2258,	309
1457,	1974
1459,	1947
1459,	1946
1459,	1945
1459,	366
1459,	1123
1459,	1869
1459,	1788
1459,	1949
1460,	119
1460,	1951
1461,	1952
1462,	1953
1463,	1659
1464,	1896
1465,	1902
1466,	1880
1467,	1954
1468,	1795
1469,	1938
1470,	5
1470,	1688
1471,	1955
1472,	1956
1474,	1891
1475,	1957
1477,	1958
1478,	1959
1479,	1960
1480,	1765
1486,	1883
1494,	201
1495,	1964
1496,	1968
1496,	1966
1496,	92
1496,	1965
1496,	1967
1496,	1969
1496,	1971
1497,	1938
1498,	55
1498,	1975
1498,	1977
2256,	267
2255,	2592
2254,	186
2253,	28
2252,	128
2252,	122
2251,	169
2250,	155
2249,	169
1499,	1869
1500,	2312
1501,	2312
1502,	298
1502,	1993
1503,	298
1503,	1993
1504,	27
1504,	1995
1505,	27
1505,	1995
1506,	1954
1507,	1954
1508,	2000
1509,	2001
2213,	163
1510,	1377
1511,	2004
1512,	2005
1514,	2006
1515,	2007
1517,	2008
1518,	1997
1519,	2009
1526,	2010
1526,	2011
1527,	2012
1528,	2013
1529,	2014
1530,	2015
1531,	2016
1531,	234
1531,	2017
1531,	2019
1532,	28
1532,	2021
1533,	2022
1534,	62
1535,	108
1535,	2026
1536,	2028
1537,	162
1537,	2030
1538,	2031
1539,	2032
1540,	2033
1541,	116
1541,	2035
1542,	2036
1543,	186
1544,	2592
1545,	2038
1546,	2039
1547,	117
1547,	2040
1547,	2042
1548,	269
1549,	2045
1551,	2046
1554,	2047
1556,	419
1620,	201
1620,	2049
1620,	2050
1621,	2052
1621,	56
1621,	2051
1621,	1968
1621,	2053
2208,	170
2208,	31
2207,	414
2207,	73
1622,	2454
1623,	55
1623,	1972
1623,	2060
1624,	414
1625,	170
1625,	2066
1625,	2067
1626,	1785
1627,	2070
1627,	3
1627,	2071
1627,	2073
1628,	2074
1628,	3
1628,	2070
1628,	2072
1631,	2075
1632,	132
1632,	2076
1632,	2077
1633,	132
1633,	2078
1633,	2077
1634,	13
1634,	1765
1635,	13
1635,	1765
1636,	2080
1637,	2003
1638,	331
1639,	2081
1644,	2082
1648,	2083
1567,	361
1567,	1589
1568,	2085
1569,	2086
1570,	2087
1571,	2088
1572,	1730
1573,	2089
1573,	393
1573,	2090
1573,	2091
1574,	81
1574,	2093
1575,	28
1575,	2093
1576,	62
1577,	2094
1577,	418
1577,	2099
1577,	2098
1579,	2101
1579,	2100
1580,	2102
1582,	366
1582,	1494
1583,	419
1583,	1494
1584,	2104
1585,	2105
1586,	2106
1587,	186
1588,	2108
1589,	2109
1590,	420
1590,	2110
1590,	2112
1591,	2113
1592,	2114
1592,	79
1592,	2115
1592,	2117
1593,	2118
1594,	2119
1595,	2120
1614,	16
1653,	201
1654,	2126
1654,	2124
1654,	56
1654,	2125
1654,	2127
1654,	2129
1655,	56
1655,	2130
1655,	2132
1656,	27
1656,	1972
1656,	2134
1657,	2138
1657,	2136
1657,	73
1657,	2135
1657,	2137
1657,	2139
1657,	2141
1658,	31
1658,	2142
1658,	2144
1659,	31
1659,	2142
1659,	2144
1660,	298
1661,	298
1662,	190
1663,	190
1664,	1776
1665,	1776
1666,	2000
1667,	2151
1668,	133
1668,	2153
1670,	125
1670,	2155
1673,	2156
1674,	2157
1675,	2158
1682,	429
1682,	2160
1683,	2161
1684,	96
1684,	2160
1685,	2162
1686,	2163
1686,	234
1686,	2164
1686,	2166
1687,	81
1687,	2167
1687,	2169
1688,	128
1688,	2167
1688,	2170
1689,	1810
1690,	2174
1690,	431
1690,	2171
1690,	2173
1691,	309
1692,	2102
1693,	162
1693,	2180
1694,	2181
1695,	1535
1696,	2033
1697,	1810
1698,	2182
1699,	186
1700,	2592
1701,	368
1702,	2186
1703,	144
1703,	918
1703,	2188
1704,	108
1704,	2189
1704,	2191
1705,	402
1706,	365
1709,	283
1710,	2195
1712,	2196
1714,	186
1721,	53
1721,	1477
1721,	1857
1722,	201
1722,	56
1722,	2060
1722,	2053
1723,	2454
1724,	2276
2267,	108
2266,	268
2265,	361
2264,	202
2264,	162
2263,	50
2262,	269
1725,	2415
1726,	1383
1727,	119
1727,	1383
1728,	437
1728,	2214
1728,	2215
1729,	253
1729,	2217
1730,	253
1730,	2217
1731,	22
1731,	1776
1732,	1776
1733,	427
1733,	2149
1734,	2220
1735,	422
1735,	1883
1736,	2222
1737,	1968
1741,	2223
1744,	2224
1749,	1327
1754,	50
1754,	2225
1754,	1919
1755,	439
1755,	2087
1755,	1919
1756,	161
1757,	1616
1758,	393
1758,	2228
1758,	2016
1759,	440
1759,	2231
1760,	81
1760,	2231
1761,	62
1762,	2233
1762,	441
1762,	1182
1762,	2234
1762,	2232
1763,	2236
1763,	1616
1764,	173
1765,	2238
1766,	2239
1767,	2240
1768,	2241
1769,	2105
1770,	269
1770,	2243
1771,	102
1771,	2244
1772,	2185
1773,	2245
1774,	144
1774,	2034
1775,	2247
1776,	2248
1776,	108
1776,	1735
1777,	2035
1778,	2193
1781,	1719
1785,	2249
1786,	117
1795,	16
1827,	79
1827,	1616
1827,	2252
1828,	366
1829,	96
1829,	1616
1829,	2252
1830,	1616
1831,	128
1831,	2253
1831,	2255
1832,	28
1832,	2256
1832,	2255
1833,	2242
1835,	2258
1836,	2238
1837,	2259
1838,	2260
1839,	2105
1840,	26
1840,	2261
1841,	102
1841,	2261
1842,	2592
1843,	2263
1843,	62
1843,	2264
1843,	2232
1844,	114
1844,	2232
1845,	2266
1846,	1917
1846,	448
1846,	2233
1846,	2267
1847,	2268
1848,	26
1848,	2269
1848,	2270
1849,	2271
1850,	2235
1853,	2272
1855,	2090
1799,	53
1799,	2273
1800,	1857
1800,	1776
1800,	2199
1800,	125
1800,	2060
1800,	2274
1800,	2200
1800,	2275
1801,	56
1801,	2134
1801,	1383
1802,	2205
1803,	2276
1804,	1566
1804,	2279
1804,	73
1804,	2278
1804,	1898
1804,	2208
1804,	2281
1805,	31
1805,	2282
1806,	31
1806,	2282
1807,	298
1807,	2217
1808,	2215
1809,	2283
1810,	2283
1811,	443
1811,	2284
1812,	2219
1813,	2149
1814,	5
1814,	2211
1814,	2286
1815,	2222
1816,	2222
1817,	175
1817,	2288
1819,	2289
1820,	2290
1822,	2291
1866,	2454
1867,	2296
1867,	443
1867,	2297
1867,	2139
1868,	201
1868,	2299
1868,	2300
1869,	2413
1870,	2303
1871,	2308
1871,	2306
1871,	2304
1871,	414
1871,	2305
1871,	2307
1871,	2309
1871,	2311
1872,	451
1872,	2312
1872,	2314
1873,	451
1873,	2312
1873,	2314
1874,	437
1874,	2316
1874,	2318
1875,	437
1875,	2316
1875,	2318
1876,	27
1876,	2320
1877,	27
1877,	2319
1878,	132
1878,	2323
1879,	132
1879,	2323
1880,	1889
1881,	22
1881,	2149
1882,	5
1882,	2327
1883,	5
1883,	2327
1884,	2328
1885,	2328
1886,	2329
1886,	92
1886,	2330
1886,	2332
2226,	201
2225,	201
1887,	2332
1890,	2335
1893,	2336
1905,	2337
1906,	87
1906,	2338
1906,	2340
1907,	102
1907,	2340
1908,	2341
1909,	2342
1909,	454
1909,	2343
1909,	2345
1910,	28
1910,	2347
1911,	455
1911,	2347
1912,	2348
1913,	2349
1914,	182
1914,	2351
1915,	2352
1916,	2353
1917,	2354
1918,	2355
1919,	2356
1920,	186
1921,	4
1921,	2360
1922,	309
1923,	2362
1924,	2394
1925,	2394
1926,	2368
1926,	144
1926,	2369
1926,	2371
1927,	2368
1927,	448
1927,	2372
1927,	2371
1928,	2373
1929,	2375
1929,	26
1929,	2374
1929,	2376
1929,	2349
1931,	2378
1933,	2355
1940,	2379
1944,	2380
1954,	108
1954,	2338
1955,	79
1955,	2338
1956,	457
1956,	2338
1957,	463
1957,	2383
1958,	35
1958,	2385
1959,	81
1959,	2384
1959,	2385
1960,	2359
1961,	2354
1964,	162
1964,	2343
1965,	2387
1966,	202
1968,	2389
1969,	26
1969,	2391
1970,	102
1970,	2392
1971,	2592
1972,	2394
1972,	448
1972,	2395
1972,	2367
1973,	114
1973,	2394
1973,	2367
1974,	269
1974,	2397
1975,	2396
1975,	117
1975,	2341
1975,	2397
1975,	2398
1976,	2373
1977,	2399
1977,	62
1977,	2400
1977,	2401
1979,	2402
1984,	2403
1993,	2404
2000,	1968
2000,	2405
2000,	56
2000,	2157
2000,	2406
2000,	2407
2000,	2295
2001,	2297
2001,	109
2001,	1237
2001,	2408
2229,	201
2228,	201
2227,	201
2002,	2332
2003,	2412
2003,	53
2003,	2322
2003,	1889
2004,	366
2005,	119
2006,	119
2006,	2419
2071,	2420
2071,	471
2071,	2421
2071,	2423
2072,	2425
2072,	2424
2073,	117
2073,	2425
2074,	472
2074,	2425
2075,	269
2077,	2427
2077,	81
2077,	2428
2077,	2430
2078,	2427
2080,	10
2080,	2431
2081,	2348
2084,	2432
2085,	2433
2086,	2434
2087,	2435
2088,	2355
2089,	2436
2090,	26
2090,	2244
2091,	2360
2092,	309
2093,	2438
2094,	2439
2095,	62
2096,	1047
2096,	2443
2096,	448
2096,	2356
2096,	2444
2096,	2250
2097,	2356
2097,	144
2097,	2443
2097,	1047
2097,	2445
2098,	2446
2099,	26
2099,	2447
2099,	2449
2101,	2450
2105,	2451
2112,	186
2119,	2453
2032,	2454
2033,	2457
2033,	2455
2033,	53
2033,	2456
2033,	2458
2033,	2460
2034,	56
2034,	2461
2034,	2463
2035,	125
2035,	2461
2035,	2463
2036,	2465
2036,	201
2036,	2464
2036,	2466
2036,	2139
2037,	2468
2037,	42
2037,	2464
2037,	2466
2037,	2139
2038,	27
2038,	2470
2039,	2460
2040,	2471
2040,	1299
2040,	467
2040,	2307
2040,	2206
2040,	2472
2040,	2314
2041,	2474
2041,	73
2041,	2475
2043,	298
2043,	2477
2045,	190
2045,	2478
2046,	190
2046,	2478
2047,	72
2047,	2079
2048,	2480
2049,	2480
2050,	5
2050,	2482
2052,	2483
2054,	175
2054,	1968
2057,	170
2057,	2485
2058,	451
2063,	2078
2123,	481
2123,	2425
2124,	87
2124,	2425
2125,	144
2125,	2425
2126,	2426
2127,	454
2127,	2489
2128,	28
2128,	2427
2128,	2430
2129,	474
2129,	2429
2130,	2490
2131,	2108
2132,	2491
2133,	182
2133,	2492
2133,	2491
2134,	2494
2135,	2495
2136,	2496
2137,	62
2138,	269
2138,	2244
2139,	2592
2140,	52
2140,	2498
2140,	2500
2141,	448
2141,	2442
2142,	2501
2142,	102
2142,	2502
2142,	2504
2143,	117
2143,	2504
2145,	79
2145,	2115
2145,	2506
2146,	2450
2148,	2507
2154,	2508
2155,	2508
2156,	2509
2168,	2454
2169,	130
2169,	2510
2169,	2512
2170,	1622
2171,	1968
2171,	2319
2171,	2515
2171,	56
2171,	2516
2171,	2052
2171,	2463
2171,	2518
2172,	2463
2172,	2052
2172,	2516
2172,	190
2172,	2515
2172,	2319
2172,	1968
2172,	2517
2172,	2519
2173,	56
2173,	2521
2174,	84
2174,	2520
2174,	2522
2175,	201
2175,	2523
2175,	2524
2176,	298
2176,	2523
2176,	2524
2177,	2335
2178,	492
2178,	366
2178,	2526
2178,	2527
2179,	451
2180,	2476
2180,	119
2180,	1898
2180,	2530
2181,	109
2181,	2531
2181,	2533
2182,	27
2182,	2534
2183,	2535
2184,	443
2184,	2480
2185,	443
2185,	2480
2187,	2478
2190,	73
2190,	2537
2191,	2538
2200,	2539
37,	507
37,	506
37,	505
37,	504
37,	503
37,	48
37,	252
42,	519
42,	518
42,	298
44,	523
44,	275
48,	532
48,	133
48,	636
75,	567
76,	568
76,	569
80,	2
80,	98
80,	576
87,	588
98,	591
63,	46
101,	201
101,	593
103,	502
103,	603
103,	118
103,	500
103,	499
106,	510
106,	589
106,	609
106,	170
106,	513
106,	512
110,	623
110,	622
110,	621
110,	194
140,	653
140,	652
140,	651
140,	650
140,	649
140,	56
140,	532
142,	484
142,	505
142,	218
142,	662
142,	664
142,	667
142,	668
142,	538
143,	673
143,	672
143,	597
143,	671
143,	670
143,	669
143,	201
144,	486
156,	695
160,	701
160,	702
160,	703
162,	706
163,	707
165,	709
165,	710
165,	711
165,	712
187,	720
187,	719
187,	718
187,	717
187,	715
187,	128
187,	554
190,	712
190,	771
190,	770
190,	709
190,	769
192,	108
192,	772
192,	773
192,	774
192,	776
193,	777
193,	678
193,	269
196,	783
197,	689
197,	784
207,	805
210,	807
221,	597
221,	733
221,	731
221,	27
221,	532
221,	538
222,	252
222,	48
222,	513
222,	737
222,	642
222,	738
222,	739
222,	512
225,	747
225,	614
227,	749
227,	494
227,	750
232,	5
232,	638
232,	623
233,	763
233,	761
233,	880
236,	69
248,	234
248,	779
248,	810
248,	811
249,	813
249,	814
249,	815
249,	816
254,	820
254,	821
265,	91
265,	834
266,	835
268,	58
268,	769
268,	836
268,	837
268,	838
268,	839
278,	841
279,	842
293,	863
293,	862
293,	284
295,	618
295,	69
295,	866
295,	867
295,	750
295,	869
323,	58
323,	194
332,	949
334,	951
334,	905
334,	952
335,	634
335,	953
335,	954
337,	956
337,	884
337,	957
343,	965
345,	17
355,	5
356,	968
358,	597
358,	667
358,	977
358,	903
358,	894
358,	901
358,	27
358,	513
360,	986
360,	985
360,	125
360,	2585
362,	676
362,	910
362,	911
365,	820
365,	917
368,	209
371,	925
375,	933
376,	162
376,	934
376,	935
376,	823
391,	108
391,	939
391,	940
399,	88
399,	1004
408,	1014
408,	1015
415,	1024
416,	913
422,	1026
435,	125
435,	197
437,	2602
462,	992
462,	1033
462,	993
465,	1038
465,	1039
466,	281
466,	282
466,	928
470,	1043
470,	1044
475,	1053
478,	1054
491,	1085
491,	1086
491,	1087
491,	1088
491,	1089
491,	1090
518,	202
518,	162
518,	989
518,	1162
518,	1163
518,	1164
518,	1165
518,	1166
518,	1168
518,	1169
518,	1170
526,	1185
526,	1186
526,	695
526,	1187
532,	1192
532,	1193
536,	20
536,	698
536,	1023
538,	293
539,	1200
548,	1204
555,	76
555,	1673
567,	69
567,	1142
567,	1143
570,	163
570,	1104
570,	1147
570,	1148
570,	1149
593,	39
593,	1108
593,	1224
593,	1091
593,	1225
593,	1226
593,	1132
594,	1096
594,	1227
594,	1228
594,	1133
594,	1128
594,	1229
594,	1230
594,	1088
600,	163
600,	1104
600,	1147
600,	1235
600,	1149
624,	942
624,	1266
625,	1267
627,	153
627,	793
628,	264
630,	1272
630,	1273
630,	1274
635,	108
635,	1283
636,	1284
640,	128
638,	1285
647,	995
657,	1127
657,	1068
657,	1219
657,	1292
663,	39
663,	46
663,	1127
663,	1302
663,	1217
663,	1121
663,	1144
663,	1303
663,	1123
663,	1305
666,	268
666,	1314
666,	1139
666,	1315
666,	1229
666,	1316
666,	1317
666,	1318
666,	1319
666,	1320
673,	32
673,	1147
673,	1323
673,	1324
679,	92
679,	877
679,	1332
702,	1355
702,	917
714,	1368
716,	1369
723,	1371
735,	56
735,	890
735,	1297
735,	1379
735,	1244
735,	1305
735,	1121
735,	1122
739,	1387
739,	1315
739,	1229
739,	1388
739,	1389
739,	1320
739,	1390
742,	305
742,	1392
742,	1393
742,	1394
744,	986
744,	1396
744,	1397
744,	1147
744,	1328
744,	1398
747,	5
747,	1377
747,	1399
774,	1339
774,	1416
774,	1417
775,	1418
788,	1284
794,	1435
750,	1128
819,	1275
821,	1339
821,	917
822,	1510
825,	153
828,	1514
828,	1515
836,	1518
836,	1519
838,	1520
842,	1522
848,	1523
862,	39
862,	615
862,	1438
862,	1439
862,	1440
862,	1441
862,	1442
862,	1382
862,	1443
862,	1296
862,	1122
865,	1139
865,	1454
865,	1455
865,	1456
865,	1457
865,	1458
865,	1320
865,	1459
869,	51
869,	1469
869,	1470
869,	1471
869,	1472
893,	56
893,	1552
893,	1553
893,	1554
893,	1555
893,	1382
893,	1442
893,	1447
893,	1448
895,	201
895,	1558
895,	1333
895,	1224
895,	1560
928,	1339
928,	566
928,	1535
938,	1546
904,	1396
904,	1113
904,	1574
904,	1575
960,	1112
960,	1629
960,	1630
960,	1631
960,	1632
960,	1633
960,	1634
960,	1155
960,	1132
966,	1576
998,	271
998,	1518
998,	1597
998,	1509
1003,	1602
1006,	1604
1008,	337
1008,	1274
1010,	1606
1014,	1613
1016,	1615
1025,	1616
1042,	131
1042,	1602
1042,	1693
1047,	997
1047,	1339
1047,	363
1052,	1702
1053,	1616
1053,	1703
1059,	1710
1062,	1712
1062,	1713
1063,	1714
1068,	1716
1075,	27
1075,	1658
1075,	1623
1075,	1659
1075,	1447
1075,	1660
1075,	1624
1075,	1320
1077,	56
1077,	1667
1077,	1628
1080,	1674
1080,	1675
1080,	1676
1081,	1674
1081,	1675
1081,	1677
1081,	1676
1107,	201
1107,	56
1107,	1745
1107,	1623
1107,	1746
1107,	1379
1107,	1776
1107,	1447
1109,	201
1109,	56
1109,	1750
1109,	1667
1110,	1751
1110,	1621
1110,	1752
1110,	1753
1110,	1754
1110,	1755
1110,	1756
1110,	624
1117,	17
1155,	271
1158,	1714
1171,	1740
1118,	176
1118,	1575
1114,	3
1114,	1139
1114,	1757
1114,	1758
1190,	56
1190,	1623
1190,	1440
1190,	1776
1190,	1447
1190,	1748
1190,	1777
1191,	253
1191,	1778
1191,	1779
1191,	1679
1191,	1781
1228,	1339
1228,	1599
1228,	1808
1234,	1811
1234,	1523
1256,	108
1256,	1599
1262,	4
1262,	1831
1271,	1838
1275,	1844
1282,	386
1285,	1848
1304,	56
1304,	1856
1304,	1857
1304,	1858
1305,	1859
1305,	1860
1305,	1861
1305,	1862
1305,	1863
1306,	655
1306,	1864
1306,	1865
1306,	1866
1306,	1867
1308,	170
1308,	1868
1308,	1869
1308,	1872
1308,	1873
1343,	56
1343,	1874
1343,	1880
1343,	1854
1345,	390
1345,	1897
1345,	1864
1345,	1898
1345,	1899
1345,	1867
1369,	361
1369,	1910
1372,	393
1372,	1913
1372,	1695
1381,	1924
1381,	1925
1389,	1930
1391,	1931
1457,	56
1457,	1942
1457,	1863
1457,	1944
1457,	1473
1497,	56
1497,	1972
1497,	1863
1497,	1974
1499,	1987
1499,	1986
1499,	1985
1499,	1982
1499,	1981
1499,	1980
1499,	1979
1499,	1978
1499,	73
1499,	1947
1544,	2038
1548,	2043
1548,	2044
1556,	1819
1494,	1961
1494,	1962
1494,	1963
1500,	170
1500,	1988
1500,	1990
1500,	1991
1506,	121
1506,	1997
1506,	1998
1506,	1999
1534,	2023
1534,	2024
1534,	2025
1501,	170
1501,	1988
1501,	1991
1501,	1992
1507,	121
1507,	1997
1510,	5
1510,	2003
1543,	2037
1614,	2121
1614,	283
1615,	102
1615,	230
1615,	361
1622,	109
1622,	2054
1622,	2055
1622,	2056
1622,	2058
1624,	2061
1624,	2062
1624,	2063
1624,	2064
1624,	613
1624,	2065
1624,	1788
1638,	1995
1576,	2094
1576,	2095
1576,	2096
1576,	2097
1576,	2098
1587,	2107
1626,	170
1626,	1988
1626,	2067
1626,	2069
1653,	2122
1653,	2049
1653,	2123
1697,	434
1700,	2184
1701,	2185
1705,	2192
1706,	2193
1714,	2197
1660,	2145
1660,	2146
1662,	2003
1662,	2147
1664,	22
1664,	2148
1664,	2149
1689,	102
1689,	2171
1689,	2172
1689,	2173
1691,	2102
1691,	2175
1691,	2176
1661,	2145
1661,	2146
1663,	2003
1663,	2147
1665,	22
1665,	2148
1665,	2150
1665,	2149
1692,	96
1692,	2175
1692,	2178
1699,	2183
1723,	109
1723,	2134
1723,	2201
1723,	2202
1723,	2203
1724,	56
1724,	121
1724,	2205
1724,	2054
1725,	366
1725,	2206
1725,	2207
1725,	1566
1725,	2208
1725,	2210
1725,	2211
1725,	2212
1794,	283
1795,	2251
1795,	283
1761,	1182
1761,	2232
1756,	2227
1756,	2087
1842,	2120
1802,	56
1802,	2276
1802,	2054
1803,	132
1803,	2205
1803,	2054
1828,	1616
1828,	2252
1866,	56
1866,	2293
1866,	2294
1866,	2295
1880,	452
1922,	2359
1922,	2361
1947,	16
1869,	53
1869,	2302
1924,	114
1924,	2364
1887,	92
1887,	2331
1887,	2334
1920,	2357
1920,	2358
1925,	62
1925,	2365
1925,	2264
1925,	2367
1966,	2388
1971,	2393
1998,	102
1998,	361
2002,	27
2002,	2299
2002,	2409
2002,	2410
2004,	2206
2004,	2414
2004,	2307
2004,	2308
2004,	2415
2004,	2416
2004,	2417
2058,	2486
2075,	2426
2092,	2437
2092,	2108
2112,	2452
2095,	2364
2095,	2440
2095,	2441
2095,	2442
2139,	2356
2168,	201
2170,	53
2170,	2513
2170,	2458
2170,	2514
2170,	2460
2137,	2497
2137,	2244
2179,	2307
2179,	2528
2179,	2526
2179,	2475
2179,	2529
2270,	2612
2271,	22
2272,	518
2273,	495
2274,	76
2275,	2624
2276,	627
2277,	157
2278,	539
2279,	670
2279,	2628
2280,	2631
2281,	537
2281,	634
2282,	56
2283,	31
2284,	93
2285,	51
2286,	146
2287,	2585
2288,	191
2289,	218
2290,	245
2291,	92
2292,	58
2293,	2608
2294,	58
2295,	2608
2296,	175
2297,	243
2298,	125
2299,	2598
2300,	90
2301,	48
2301,	5
2302,	201
2303,	46
2303,	73
2304,	523
2305,	496
2306,	2644
2307,	508
2308,	163
2269,	513
2269,	2611
2269,	2609
2269,	170
2269,	589
2270,	284
2270,	2613
2271,	2614
2272,	2617
2272,	69
2272,	2615
2272,	494
2273,	2618
2273,	194
2273,	519
2274,	2621
2275,	2623
2275,	2622
2275,	168
2275,	2625
2276,	197
2276,	2626
2277,	649
2278,	41
2279,	46
2279,	243
2279,	2629
2280,	2630
2280,	251
2280,	2632
2281,	2607
2281,	2595
2281,	2635
2281,	497
2283,	2636
2287,	631
2301,	636
2304,	2640
2304,	48
2304,	2637
2304,	2638
2304,	730
2304,	2703
2305,	491
2305,	56
2305,	598
2305,	493
2305,	522
2306,	499
2306,	2643
2306,	2642
2306,	253
2306,	2645
2307,	201
2307,	2646
2307,	2647
2307,	606
2307,	2648
2308,	2650
2309,	2656
2310,	565
2311,	309
2312,	2592
2313,	14
2314,	821
2315,	1190
2316,	566
2317,	2758
2318,	169
2319,	28
2320,	2672
2321,	2674
2322,	587
2323,	2681
2324,	2682
2325,	707
2326,	2683
2327,	548
2328,	382
2329,	105
2330,	2688
2331,	28
2332,	228
2333,	2653
2334,	126
2335,	120
2336,	2689
2337,	2602
2338,	101
2339,	2
2340,	2592
2341,	581
2342,	819
2343,	88
2344,	271
2345,	272
2346,	117
2347,	269
2348,	14
2349,	2654
2350,	249
2351,	10
2352,	2655
2353,	228
2354,	549
2355,	552
2309,	234
2356,	2657
2357,	2658
2358,	2659
2310,	2660
2359,	2661
2360,	563
2361,	565
2311,	2664
2313,	2665
2314,	2603
2362,	821
2315,	264
2316,	169
2317,	2708
2318,	2671
2320,	78
2363,	2673
2321,	128
2364,	2675
2365,	2676
2322,	2680
2366,	587
2367,	2679
2368,	2680
2323,	2652
2324,	365
2325,	366
2326,	361
2327,	545
2369,	2685
2370,	547
2371,	545
2330,	227
2336,	182
2341,	149
2342,	209
2354,	2695
2372,	2692
2373,	549
2374,	2693
2375,	2694
2376,	2695
2355,	2699
2377,	552
2378,	2698
2379,	2699
2327,	2685
2327,	162
2327,	547
2354,	2694
2354,	2693
2354,	2692
2354,	2691
2354,	203
2355,	2698
2355,	269
2355,	2696
2309,	2657
2309,	2658
2309,	2659
2310,	144
2310,	2661
2310,	563
2314,	569
2320,	2673
2322,	2679
2322,	2677
2322,	26
107,	614
2380,	284
33,	2703
38,	2704
298,	521
322,	2705
2385,	2720
2386,	160
2387,	2723
2388,	2724
2389,	2650
2390,	2725
2391,	2728
2392,	537
2393,	2731
2394,	284
2395,	17
2396,	194
2397,	46
2398,	245
2399,	133
2400,	133
2401,	2595
2402,	31
2403,	36
2404,	243
2405,	69
2406,	2585
2407,	157
2408,	22
2409,	2709
2410,	2734
2411,	598
2411,	2737
2412,	2740
2412,	2643
2413,	2744
2413,	56
2414,	499
2381,	366
2381,	2685
2381,	2710
2381,	2711
2381,	2712
2382,	252
2382,	2713
2382,	2714
2383,	93
2384,	298
2384,	2716
2385,	2596
2385,	2718
2385,	2719
2386,	498
2387,	191
2387,	2722
2387,	756
2388,	58
2389,	72
2390,	5
2390,	594
2390,	2629
2391,	276
2391,	2726
2391,	2727
2392,	175
2392,	2729
2392,	2730
2392,	502
2393,	163
2415,	2732
2410,	48
2410,	2637
2410,	2638
2410,	2703
2410,	2733
2411,	2736
2411,	2735
2411,	27
2411,	201
2411,	2739
2411,	737
2412,	253
2412,	48
2412,	960
2412,	904
2413,	170
2413,	2742
2413,	2743
2413,	1651
2413,	2647
2414,	168
2416,	2749
2417,	2751
2418,	2592
2419,	2754
2420,	2758
2420,	2757
2421,	552
2422,	169
2423,	63
2424,	2763
2425,	2602
2426,	2766
2427,	369
2428,	2769
2429,	365
2430,	309
2431,	2774
2432,	2746
2432,	130
2433,	2
2434,	2651
2434,	162
2435,	368
2436,	14
2437,	161
2438,	2702
2439,	271
2439,	2701
2440,	2747
2441,	283
2442,	76
2443,	128
2444,	144
2445,	120
2446,	2784
2447,	2787
2416,	361
2416,	562
2416,	2748
2417,	563
2417,	2750
2417,	105
2417,	2752
2418,	2753
2419,	126
2419,	2755
2420,	2756
2420,	146
2420,	2599
2420,	2759
2421,	182
2448,	153
2422,	2761
2423,	2762
2424,	149
2424,	2764
2425,	2691
2426,	2765
2426,	272
2426,	2767
2427,	928
2428,	2768
2428,	26
2428,	2770
2431,	2773
2431,	2772
2431,	203
2431,	2775
2432,	2776
2433,	2777
2435,	578
2441,	2778
2442,	2779
2446,	2783
2446,	2782
2446,	2781
2446,	2780
2446,	78
2446,	2785
2447,	2786
2447,	269
2447,	2788
2434,	2708
2449,	62
2405,	284
2450,	2792
2450,	2711
2451,	2714
2452,	594
2453,	499
2454,	2795
2455,	76
2456,	2798
2456,	756
2457,	157
2458,	2801
2459,	539
2460,	2729
2461,	2804
2462,	2809
2463,	56
2464,	17
2465,	253
2466,	146
2467,	191
2468,	168
2469,	68
2470,	39
2471,	175
2472,	2598
2473,	170
2474,	46
2474,	243
2475,	92
2476,	2790
2476,	5
2477,	48
2478,	56
2479,	46
2479,	73
2480,	2733
2481,	2813
2482,	733
2483,	2647
2484,	163
2484,	2585
2450,	2791
2450,	2789
2450,	73
2450,	2793
2451,	284
2451,	671
2452,	22
2452,	960
2453,	1651
2453,	617
2453,	69
2453,	2717
2454,	2794
2454,	194
2454,	2796
2455,	2797
2456,	875
2456,	163
2456,	2585
2456,	2799
2457,	2800
2458,	245
2458,	2732
2459,	41
2459,	2802
2460,	243
2460,	638
2461,	2803
2461,	193
2461,	2805
2462,	2808
2462,	2807
2462,	2806
2462,	125
2462,	2810
2467,	2811
2469,	2812
2477,	2703
2480,	2703
2480,	2637
2480,	201
2480,	2734
2481,	2638
2481,	2643
2481,	2737
2481,	56
2481,	2739
2482,	2814
2482,	2740
2482,	218
2482,	2815
2483,	670
2483,	2646
2483,	2743
2483,	48
2483,	2645
2484,	2816
2485,	2787
2486,	2664
2487,	105
2488,	2592
2489,	14
2490,	2823
2491,	2
2492,	2826
2492,	2825
2493,	264
2494,	28
2495,	26
2496,	2602
2497,	2830
2498,	2834
2499,	2652
2500,	365
2501,	366
2502,	935
2503,	226
2504,	382
2505,	228
2506,	264
2507,	120
2508,	116
2509,	126
2510,	2592
2511,	149
2512,	271
2513,	272
2514,	369
2515,	269
2516,	230
2517,	227
2518,	272
2519,	2817
2520,	16
2521,	2818
2522,	182
2523,	2785
2524,	2844
2485,	2820
2485,	2819
2485,	28
2485,	2748
2486,	2753
2486,	2821
2486,	309
2486,	2752
2487,	844
2489,	2822
2490,	2603
2490,	2824
2491,	2775
2492,	169
2492,	2651
2492,	2827
2493,	2828
2495,	2750
2496,	2829
2497,	117
2497,	2831
2498,	2833
2498,	2832
2498,	144
2498,	2770
2499,	2835
2501,	2836
2502,	2838
2502,	2837
2502,	162
2502,	2839
2511,	2679
2516,	2840
2525,	2841
2523,	2843
2523,	723
2523,	2842
2523,	2781
2523,	128
2523,	725
2524,	203
2524,	2772
2526,	885
2526,	2774
