1,	63,	3,	2002,	0,	\N
2,	69,	3,	2002,	0,	\N
3,	74,	3,	2002,	0,	\N
4,	75,	3,	2002,	0,	\N
5,	76,	3,	2002,	0,	\N
6,	77,	3,	2002,	0,	\N
7,	1,	3,	2002,	0,	\N
8,	2,	3,	2002,	0,	\N
9,	3,	3,	2002,	0,	\N
10,	4,	3,	2002,	0,	\N
11,	5,	3,	2002,	0,	\N
12,	6,	3,	2002,	0,	\N
13,	7,	3,	2002,	0,	\N
14,	8,	3,	2002,	0,	\N
15,	9,	3,	2002,	0,	\N
16,	10,	3,	2002,	0,	\N
17,	11,	3,	2002,	0,	\N
18,	12,	3,	2002,	0,	\N
19,	14,	3,	2002,	0,	\N
20,	218,	3,	2002,	0,	\N
21,	29,	3,	2002,	0,	\N
22,	31,	3,	2002,	0,	\N
23,	35,	3,	2002,	0,	\N
24,	44,	3,	2002,	0,	\N
25,	46,	3,	2002,	0,	\N
26,	219,	3,	2002,	0,	\N
27,	220,	3,	2002,	0,	\N
28,	62,	3,	2002,	11,	\N
29,	62,	3,	2002,	12,	\N
30,	62,	3,	2002,	2,	\N
31,	62,	3,	2002,	3,	\N
32,	62,	3,	2002,	4,	\N
33,	62,	3,	2002,	5,	\N
34,	62,	3,	2002,	7,	\N
35,	221,	3,	2002,	0,	\N
36,	88,	3,	2002,	0,	\N
37,	130,	3,	2002,	0,	\N
38,	168,	3,	2002,	0,	\N
39,	210,	3,	2002,	0,	\N
40,	213,	3,	2002,	0,	\N
41,	89,	3,	2002,	0,	\N
42,	91,	3,	2002,	0,	\N
43,	222,	3,	2002,	0,	\N
44,	99,	3,	2002,	0,	\N
45,	101,	3,	2002,	0,	\N
46,	102,	3,	2002,	0,	\N
47,	104,	3,	2002,	0,	\N
48,	105,	3,	2002,	0,	\N
49,	106,	3,	2002,	0,	\N
50,	108,	3,	2002,	0,	\N
51,	114,	3,	2002,	0,	\N
52,	115,	3,	2002,	0,	\N
53,	116,	3,	2002,	0,	\N
54,	117,	3,	2002,	0,	\N
55,	120,	3,	2002,	0,	\N
56,	224,	3,	2002,	0,	\N
57,	225,	3,	2002,	0,	\N
58,	149,	3,	2002,	0,	\N
59,	154,	3,	2002,	0,	\N
60,	160,	3,	2002,	0,	\N
61,	162,	3,	2002,	0,	\N
62,	171,	3,	2002,	0,	\N
63,	173,	3,	2002,	0,	\N
64,	174,	3,	2002,	0,	\N
65,	226,	3,	2002,	0,	\N
66,	227,	3,	2002,	0,	\N
67,	196,	3,	2002,	0,	\N
68,	139,	3,	2002,	0,	\N
69,	63,	2,	2002,	0,	\N
70,	74,	2,	2002,	0,	\N
71,	75,	2,	2002,	0,	\N
72,	76,	2,	2002,	0,	\N
73,	32,	1,	2002,	0,	\N
74,	1,	1,	2002,	0,	\N
75,	2,	1,	2002,	0,	\N
76,	3,	1,	2002,	0,	\N
77,	4,	1,	2002,	0,	\N
78,	5,	1,	2002,	0,	\N
79,	6,	1,	2002,	0,	\N
80,	7,	1,	2002,	0,	\N
81,	8,	1,	2002,	0,	\N
82,	9,	1,	2002,	0,	\N
83,	228,	1,	2002,	0,	\N
84,	10,	1,	2002,	0,	\N
85,	11,	1,	2002,	0,	\N
86,	12,	1,	2002,	0,	\N
87,	21,	1,	2002,	0,	\N
88,	27,	1,	2002,	0,	\N
89,	30,	1,	2002,	0,	\N
90,	34,	1,	2002,	0,	\N
91,	36,	1,	2002,	0,	\N
92,	42,	1,	2002,	0,	\N
93,	46,	1,	2002,	0,	\N
94,	48,	1,	2002,	0,	\N
95,	51,	1,	2002,	0,	\N
96,	53,	1,	2002,	0,	\N
97,	54,	1,	2002,	0,	\N
98,	62,	1,	2002,	1,	\N
99,	62,	1,	2002,	2,	\N
100,	62,	1,	2002,	3,	\N
101,	62,	1,	2002,	4,	\N
102,	62,	1,	2002,	5,	\N
103,	62,	1,	2002,	6,	\N
104,	62,	1,	2002,	7,	\N
105,	221,	1,	2002,	0,	\N
106,	64,	1,	2002,	0,	\N
107,	69,	1,	2002,	0,	\N
108,	63,	1,	2002,	0,	\N
109,	74,	1,	2002,	0,	\N
110,	75,	1,	2002,	0,	\N
111,	76,	1,	2002,	0,	\N
112,	77,	1,	2002,	0,	\N
113,	89,	1,	2002,	0,	\N
114,	91,	1,	2002,	0,	\N
115,	222,	1,	2002,	0,	\N
116,	98,	1,	2002,	0,	\N
117,	229,	1,	2002,	0,	\N
118,	99,	1,	2002,	0,	\N
119,	100,	1,	2002,	0,	\N
120,	101,	1,	2002,	0,	\N
121,	105,	1,	2002,	0,	\N
122,	107,	1,	2002,	0,	\N
123,	108,	1,	2002,	0,	\N
124,	110,	1,	2002,	0,	\N
125,	114,	1,	2002,	0,	\N
126,	115,	1,	2002,	0,	\N
127,	116,	1,	2002,	0,	\N
128,	117,	1,	2002,	0,	\N
129,	119,	1,	2002,	0,	\N
130,	121,	1,	2002,	0,	\N
131,	125,	1,	2002,	0,	\N
132,	88,	1,	2002,	0,	\N
133,	130,	1,	2002,	0,	\N
134,	230,	1,	2002,	0,	\N
135,	231,	1,	2002,	0,	\N
136,	138,	1,	2002,	0,	\N
137,	141,	1,	2002,	0,	\N
138,	143,	1,	2002,	0,	\N
139,	144,	1,	2002,	0,	\N
140,	157,	1,	2002,	0,	\N
141,	158,	1,	2002,	0,	\N
142,	169,	1,	2002,	0,	\N
143,	170,	1,	2002,	0,	\N
144,	171,	1,	2002,	0,	\N
145,	172,	1,	2002,	0,	\N
146,	175,	1,	2002,	0,	\N
147,	184,	1,	2002,	0,	\N
148,	191,	1,	2002,	0,	\N
149,	192,	1,	2002,	0,	\N
150,	196,	1,	2002,	0,	\N
151,	197,	1,	2002,	0,	\N
152,	207,	1,	2002,	0,	\N
153,	209,	1,	2002,	10,	\N
154,	209,	1,	2002,	33,	\N
155,	210,	1,	2002,	0,	\N
156,	213,	1,	2002,	0,	\N
157,	88,	3,	2001,	0,	\N
158,	130,	3,	2001,	0,	\N
159,	168,	3,	2001,	0,	\N
160,	210,	3,	2001,	0,	\N
161,	213,	3,	2001,	0,	\N
162,	89,	3,	2001,	0,	\N
163,	91,	3,	2001,	0,	\N
164,	222,	3,	2001,	0,	\N
165,	99,	3,	2001,	0,	\N
166,	101,	3,	2001,	0,	\N
167,	102,	3,	2001,	0,	\N
168,	104,	3,	2001,	0,	\N
169,	105,	3,	2001,	0,	\N
170,	106,	3,	2001,	0,	\N
171,	108,	3,	2001,	0,	\N
172,	114,	3,	2001,	0,	\N
173,	115,	3,	2001,	0,	\N
174,	117,	3,	2001,	0,	\N
175,	120,	3,	2001,	0,	\N
176,	224,	3,	2001,	0,	\N
177,	139,	3,	2001,	0,	\N
178,	149,	3,	2001,	0,	\N
179,	151,	3,	2001,	0,	\N
180,	162,	3,	2001,	0,	\N
181,	173,	3,	2001,	0,	\N
182,	174,	3,	2001,	0,	\N
183,	227,	3,	2001,	0,	\N
184,	183,	3,	2001,	0,	\N
185,	194,	3,	2001,	0,	\N
186,	209,	3,	2001,	0,	\N
187,	63,	3,	2001,	0,	\N
188,	74,	3,	2001,	0,	\N
189,	75,	3,	2001,	0,	\N
190,	76,	3,	2001,	0,	\N
191,	77,	3,	2001,	0,	\N
192,	1,	3,	2001,	0,	\N
193,	2,	3,	2001,	0,	\N
194,	3,	3,	2001,	0,	\N
195,	4,	3,	2001,	0,	\N
196,	5,	3,	2001,	0,	\N
197,	6,	3,	2001,	0,	\N
198,	7,	3,	2001,	0,	\N
199,	8,	3,	2001,	0,	\N
200,	10,	3,	2001,	0,	\N
201,	11,	3,	2001,	0,	\N
202,	12,	3,	2001,	0,	\N
203,	14,	3,	2001,	0,	\N
204,	29,	3,	2001,	0,	\N
205,	31,	3,	2001,	0,	\N
206,	35,	3,	2001,	0,	\N
207,	37,	3,	2001,	0,	\N
208,	38,	3,	2001,	0,	\N
209,	55,	3,	2001,	0,	\N
210,	62,	3,	2001,	1,	\N
211,	62,	3,	2001,	2,	\N
212,	62,	3,	2001,	3,	\N
213,	62,	3,	2001,	4,	\N
214,	62,	3,	2001,	5,	\N
215,	88,	1,	2001,	0,	\N
216,	89,	1,	2001,	0,	\N
217,	91,	1,	2001,	0,	\N
218,	94,	1,	2001,	0,	\N
219,	222,	1,	2001,	0,	\N
220,	98,	1,	2001,	0,	\N
221,	229,	1,	2001,	0,	\N
222,	99,	1,	2001,	0,	\N
223,	100,	1,	2001,	0,	\N
224,	101,	1,	2001,	0,	\N
225,	104,	1,	2001,	0,	\N
226,	105,	1,	2001,	0,	\N
227,	107,	1,	2001,	0,	\N
228,	108,	1,	2001,	0,	\N
229,	110,	1,	2001,	0,	\N
230,	114,	1,	2001,	0,	\N
231,	115,	1,	2001,	0,	\N
232,	117,	1,	2001,	0,	\N
233,	119,	1,	2001,	0,	\N
234,	121,	1,	2001,	0,	\N
235,	125,	1,	2001,	0,	\N
236,	130,	1,	2001,	0,	\N
237,	231,	1,	2001,	0,	\N
238,	141,	1,	2001,	0,	\N
239,	143,	1,	2001,	0,	\N
240,	144,	1,	2001,	0,	\N
241,	145,	1,	2001,	0,	\N
242,	147,	1,	2001,	0,	\N
243,	155,	1,	2001,	0,	\N
244,	156,	1,	2001,	0,	\N
245,	157,	1,	2001,	0,	\N
246,	158,	1,	2001,	0,	\N
247,	159,	1,	2001,	0,	\N
248,	165,	1,	2001,	0,	\N
249,	169,	1,	2001,	0,	\N
250,	170,	1,	2001,	0,	\N
251,	171,	1,	2001,	0,	\N
252,	178,	1,	2001,	0,	\N
253,	181,	1,	2001,	0,	\N
254,	182,	1,	2001,	0,	\N
255,	192,	1,	2001,	0,	\N
256,	207,	1,	2001,	0,	\N
257,	209,	1,	2001,	33,	\N
258,	210,	1,	2001,	0,	\N
259,	213,	1,	2001,	0,	\N
260,	1,	1,	2001,	0,	\N
261,	2,	1,	2001,	0,	\N
262,	3,	1,	2001,	0,	\N
263,	4,	1,	2001,	0,	\N
264,	5,	1,	2001,	0,	\N
265,	6,	1,	2001,	0,	\N
266,	7,	1,	2001,	0,	\N
267,	8,	1,	2001,	0,	\N
268,	9,	1,	2001,	0,	\N
269,	228,	1,	2001,	0,	\N
270,	10,	1,	2001,	0,	\N
271,	11,	1,	2001,	0,	\N
272,	12,	1,	2001,	0,	\N
273,	14,	1,	2001,	0,	\N
274,	15,	1,	2001,	0,	\N
275,	21,	1,	2001,	0,	\N
276,	32,	1,	2001,	0,	\N
277,	34,	1,	2001,	0,	\N
278,	36,	1,	2001,	0,	\N
279,	37,	1,	2001,	0,	\N
280,	39,	1,	2001,	0,	\N
281,	44,	1,	2001,	0,	\N
282,	45,	1,	2001,	0,	\N
283,	46,	1,	2001,	0,	\N
284,	232,	1,	2001,	0,	\N
285,	52,	1,	2001,	0,	\N
286,	62,	1,	2001,	1,	\N
287,	62,	1,	2001,	11,	\N
288,	62,	1,	2001,	3,	\N
289,	62,	1,	2001,	5,	\N
290,	62,	1,	2001,	7,	\N
291,	62,	1,	2001,	8,	\N
292,	63,	1,	2001,	0,	\N
293,	221,	1,	2001,	0,	\N
294,	68,	1,	2001,	0,	\N
295,	74,	1,	2001,	0,	\N
296,	75,	1,	2001,	0,	\N
297,	76,	1,	2001,	0,	\N
298,	77,	1,	2001,	0,	\N
299,	1,	3,	2000,	0,	\N
300,	2,	3,	2000,	0,	\N
301,	3,	3,	2000,	0,	\N
302,	4,	3,	2000,	0,	\N
303,	5,	3,	2000,	0,	\N
304,	6,	3,	2000,	0,	\N
305,	7,	3,	2000,	0,	\N
306,	8,	3,	2000,	0,	\N
307,	9,	3,	2000,	0,	\N
308,	10,	3,	2000,	0,	\N
309,	11,	3,	2000,	0,	\N
310,	12,	3,	2000,	0,	\N
311,	21,	3,	2000,	0,	\N
312,	218,	3,	2000,	0,	\N
313,	29,	3,	2000,	0,	\N
314,	31,	3,	2000,	0,	\N
315,	50,	3,	2000,	0,	\N
316,	62,	3,	2000,	2,	\N
317,	62,	3,	2000,	3,	\N
318,	62,	3,	2000,	5,	\N
319,	62,	3,	2000,	6,	\N
320,	62,	3,	2000,	7,	\N
321,	62,	3,	2000,	9,	\N
322,	63,	3,	2000,	0,	\N
323,	65,	3,	2000,	0,	\N
324,	67,	3,	2000,	0,	\N
325,	74,	3,	2000,	0,	\N
326,	75,	3,	2000,	0,	\N
327,	76,	3,	2000,	0,	\N
328,	77,	3,	2000,	0,	\N
329,	88,	3,	2000,	0,	\N
330,	89,	3,	2000,	0,	\N
331,	91,	3,	2000,	0,	\N
332,	222,	3,	2000,	0,	\N
333,	99,	3,	2000,	0,	\N
334,	101,	3,	2000,	0,	\N
335,	102,	3,	2000,	0,	\N
336,	105,	3,	2000,	0,	\N
337,	106,	3,	2000,	0,	\N
338,	108,	3,	2000,	0,	\N
339,	114,	3,	2000,	0,	\N
340,	115,	3,	2000,	0,	\N
341,	116,	3,	2000,	0,	\N
342,	117,	3,	2000,	0,	\N
343,	120,	3,	2000,	0,	\N
344,	130,	3,	2000,	0,	\N
345,	224,	3,	2000,	0,	\N
346,	139,	3,	2000,	0,	\N
347,	146,	3,	2000,	0,	\N
348,	149,	3,	2000,	0,	\N
349,	151,	3,	2000,	0,	\N
350,	154,	3,	2000,	0,	\N
351,	160,	3,	2000,	0,	\N
352,	162,	3,	2000,	0,	\N
353,	172,	3,	2000,	0,	\N
354,	173,	3,	2000,	0,	\N
355,	174,	3,	2000,	0,	\N
356,	226,	3,	2000,	0,	\N
357,	227,	3,	2000,	0,	\N
358,	209,	3,	2000,	0,	\N
359,	210,	3,	2000,	0,	\N
360,	213,	3,	2000,	0,	\N
361,	88,	1,	2000,	0,	\N
362,	130,	1,	2000,	0,	\N
363,	210,	1,	2000,	0,	\N
364,	213,	1,	2000,	0,	\N
365,	89,	1,	2000,	0,	\N
366,	91,	1,	2000,	0,	\N
367,	222,	1,	2000,	0,	\N
368,	98,	1,	2000,	0,	\N
369,	229,	1,	2000,	0,	\N
370,	99,	1,	2000,	0,	\N
371,	100,	1,	2000,	0,	\N
372,	101,	1,	2000,	0,	\N
373,	102,	1,	2000,	0,	\N
374,	105,	1,	2000,	0,	\N
375,	107,	1,	2000,	0,	\N
376,	108,	1,	2000,	0,	\N
377,	109,	1,	2000,	0,	\N
378,	110,	1,	2000,	0,	\N
379,	114,	1,	2000,	0,	\N
380,	115,	1,	2000,	0,	\N
381,	117,	1,	2000,	0,	\N
382,	119,	1,	2000,	0,	\N
383,	121,	1,	2000,	0,	\N
384,	125,	1,	2000,	0,	\N
385,	137,	1,	2000,	0,	\N
386,	141,	1,	2000,	0,	\N
387,	143,	1,	2000,	0,	\N
388,	144,	1,	2000,	0,	\N
389,	157,	1,	2000,	0,	\N
390,	158,	1,	2000,	0,	\N
391,	159,	1,	2000,	0,	\N
392,	165,	1,	2000,	0,	\N
393,	169,	1,	2000,	0,	\N
394,	170,	1,	2000,	0,	\N
395,	178,	1,	2000,	0,	\N
396,	196,	1,	2000,	0,	\N
397,	207,	1,	2000,	0,	\N
398,	63,	1,	2000,	0,	\N
399,	233,	1,	2000,	0,	\N
400,	74,	1,	2000,	0,	\N
401,	75,	1,	2000,	0,	\N
402,	76,	1,	2000,	0,	\N
403,	77,	1,	2000,	0,	\N
404,	1,	1,	2000,	0,	\N
405,	2,	1,	2000,	0,	\N
406,	4,	1,	2000,	0,	\N
407,	5,	1,	2000,	0,	\N
408,	6,	1,	2000,	0,	\N
409,	7,	1,	2000,	0,	\N
410,	8,	1,	2000,	0,	\N
411,	9,	1,	2000,	0,	\N
412,	228,	1,	2000,	0,	\N
413,	10,	1,	2000,	0,	\N
414,	11,	1,	2000,	0,	\N
415,	12,	1,	2000,	0,	\N
416,	14,	1,	2000,	0,	\N
417,	21,	1,	2000,	0,	\N
418,	33,	1,	2000,	0,	\N
419,	35,	1,	2000,	0,	\N
420,	36,	1,	2000,	0,	\N
421,	37,	1,	2000,	0,	\N
422,	40,	1,	2000,	0,	\N
423,	46,	1,	2000,	0,	\N
424,	51,	1,	2000,	0,	\N
425,	53,	1,	2000,	0,	\N
426,	54,	1,	2000,	0,	\N
427,	130,	3,	1999,	0,	\N
428,	210,	3,	1999,	0,	\N
429,	213,	3,	1999,	0,	\N
430,	89,	3,	1999,	0,	\N
431,	91,	3,	1999,	0,	\N
432,	222,	3,	1999,	0,	\N
433,	99,	3,	1999,	0,	\N
434,	101,	3,	1999,	0,	\N
435,	104,	3,	1999,	0,	\N
436,	105,	3,	1999,	0,	\N
437,	106,	3,	1999,	0,	\N
438,	108,	3,	1999,	0,	\N
439,	114,	3,	1999,	0,	\N
440,	115,	3,	1999,	0,	\N
441,	116,	3,	1999,	0,	\N
442,	117,	3,	1999,	0,	\N
443,	120,	3,	1999,	0,	\N
444,	224,	3,	1999,	0,	\N
445,	234,	3,	1999,	0,	\N
446,	139,	3,	1999,	0,	\N
447,	148,	3,	1999,	0,	\N
448,	171,	3,	1999,	0,	\N
449,	172,	3,	1999,	0,	\N
450,	173,	3,	1999,	0,	\N
451,	227,	3,	1999,	0,	\N
452,	184,	3,	1999,	0,	\N
453,	191,	3,	1999,	0,	\N
454,	197,	3,	1999,	0,	\N
455,	63,	3,	1999,	0,	\N
456,	74,	3,	1999,	0,	\N
457,	75,	3,	1999,	0,	\N
458,	76,	3,	1999,	0,	\N
459,	1,	3,	1999,	0,	\N
460,	2,	3,	1999,	0,	\N
461,	3,	3,	1999,	0,	\N
462,	4,	3,	1999,	0,	\N
463,	5,	3,	1999,	0,	\N
464,	6,	3,	1999,	0,	\N
465,	7,	3,	1999,	0,	\N
466,	8,	3,	1999,	0,	\N
467,	9,	3,	1999,	0,	\N
468,	10,	3,	1999,	0,	\N
469,	11,	3,	1999,	0,	\N
470,	12,	3,	1999,	0,	\N
471,	20,	3,	1999,	0,	\N
472,	21,	3,	1999,	0,	\N
473,	27,	3,	1999,	0,	\N
474,	28,	3,	1999,	0,	\N
475,	32,	3,	1999,	0,	\N
476,	50,	3,	1999,	0,	\N
477,	62,	3,	1999,	1,	\N
478,	62,	3,	1999,	2,	\N
479,	62,	3,	1999,	3,	\N
480,	62,	3,	1999,	4,	\N
481,	62,	3,	1999,	5,	\N
482,	62,	3,	1999,	6,	\N
483,	62,	3,	1999,	7,	\N
484,	62,	3,	1999,	8,	\N
485,	88,	1,	1999,	0,	\N
486,	130,	1,	1999,	0,	\N
487,	210,	1,	1999,	0,	\N
488,	213,	1,	1999,	0,	\N
489,	214,	1,	1999,	0,	\N
490,	89,	1,	1999,	0,	\N
491,	91,	1,	1999,	0,	\N
492,	222,	1,	1999,	0,	\N
493,	229,	1,	1999,	0,	\N
494,	99,	1,	1999,	0,	\N
495,	100,	1,	1999,	0,	\N
496,	101,	1,	1999,	0,	\N
497,	102,	1,	1999,	0,	\N
498,	105,	1,	1999,	0,	\N
499,	107,	1,	1999,	0,	\N
500,	108,	1,	1999,	0,	\N
501,	114,	1,	1999,	0,	\N
502,	115,	1,	1999,	0,	\N
503,	117,	1,	1999,	0,	\N
504,	121,	1,	1999,	0,	\N
505,	122,	1,	1999,	0,	\N
507,	125,	1,	1999,	0,	\N
508,	237,	1,	1999,	0,	\N
509,	230,	1,	1999,	0,	\N
510,	137,	1,	1999,	0,	\N
511,	138,	1,	1999,	0,	\N
512,	141,	1,	1999,	0,	\N
513,	142,	1,	1999,	0,	\N
514,	238,	1,	1999,	0,	\N
515,	156,	1,	1999,	0,	\N
516,	158,	1,	1999,	0,	\N
517,	165,	1,	1999,	0,	\N
518,	169,	1,	1999,	0,	\N
519,	170,	1,	1999,	0,	\N
520,	171,	1,	1999,	0,	\N
521,	172,	1,	1999,	0,	\N
522,	226,	1,	1999,	0,	\N
523,	177,	1,	1999,	0,	\N
524,	181,	1,	1999,	0,	\N
525,	185,	1,	1999,	0,	\N
526,	207,	1,	1999,	0,	\N
527,	63,	1,	1999,	0,	\N
528,	239,	1,	1999,	0,	\N
529,	74,	1,	1999,	0,	\N
530,	75,	1,	1999,	0,	\N
531,	76,	1,	1999,	0,	\N
532,	1,	1,	1999,	0,	\N
533,	2,	1,	1999,	0,	\N
534,	3,	1,	1999,	0,	\N
535,	4,	1,	1999,	0,	\N
536,	5,	1,	1999,	0,	\N
537,	6,	1,	1999,	0,	\N
538,	7,	1,	1999,	0,	\N
539,	8,	1,	1999,	0,	\N
540,	9,	1,	1999,	0,	\N
541,	228,	1,	1999,	0,	\N
542,	10,	1,	1999,	0,	\N
543,	11,	1,	1999,	0,	\N
544,	12,	1,	1999,	0,	\N
545,	14,	1,	1999,	0,	\N
546,	25,	1,	1999,	0,	\N
547,	31,	1,	1999,	0,	\N
548,	34,	1,	1999,	0,	\N
549,	35,	1,	1999,	0,	\N
550,	37,	1,	1999,	0,	\N
551,	46,	1,	1999,	0,	\N
552,	49,	1,	1999,	0,	\N
553,	52,	1,	1999,	0,	\N
554,	53,	1,	1999,	0,	\N
555,	55,	1,	1999,	0,	\N
556,	62,	1,	1999,	0,	\N
557,	63,	3,	1998,	0,	\N
558,	74,	3,	1998,	0,	\N
559,	75,	3,	1998,	1,	\N
560,	75,	3,	1998,	2,	\N
561,	76,	3,	1998,	0,	\N
562,	1,	3,	1998,	0,	\N
563,	2,	3,	1998,	0,	\N
564,	3,	3,	1998,	0,	\N
565,	4,	3,	1998,	0,	\N
566,	5,	3,	1998,	0,	\N
567,	6,	3,	1998,	0,	\N
568,	7,	3,	1998,	0,	\N
569,	9,	3,	1998,	0,	\N
570,	10,	3,	1998,	0,	\N
571,	11,	3,	1998,	0,	\N
572,	12,	3,	1998,	0,	\N
573,	21,	3,	1998,	0,	\N
574,	218,	3,	1998,	0,	\N
575,	28,	3,	1998,	0,	\N
576,	32,	3,	1998,	0,	\N
577,	42,	3,	1998,	0,	\N
578,	50,	3,	1998,	0,	\N
579,	54,	3,	1998,	0,	\N
580,	62,	3,	1998,	0,	\N
581,	88,	3,	1998,	0,	\N
582,	240,	3,	1998,	0,	\N
583,	130,	3,	1998,	1,	\N
584,	130,	3,	1998,	2,	\N
585,	210,	3,	1998,	0,	\N
586,	213,	3,	1998,	0,	\N
587,	214,	3,	1998,	0,	\N
588,	89,	3,	1998,	0,	\N
589,	90,	3,	1998,	0,	\N
590,	91,	3,	1998,	0,	\N
591,	96,	3,	1998,	0,	\N
592,	99,	3,	1998,	0,	\N
593,	241,	3,	1998,	0,	\N
594,	101,	3,	1998,	0,	\N
595,	104,	3,	1998,	0,	\N
596,	105,	3,	1998,	0,	\N
597,	106,	3,	1998,	0,	\N
598,	108,	3,	1998,	0,	\N
599,	109,	3,	1998,	0,	\N
600,	114,	3,	1998,	0,	\N
601,	115,	3,	1998,	0,	\N
602,	116,	3,	1998,	0,	\N
603,	117,	3,	1998,	0,	\N
604,	120,	3,	1998,	0,	\N
605,	131,	3,	1998,	0,	\N
606,	242,	3,	1998,	1,	\N
607,	242,	3,	1998,	2,	\N
608,	139,	3,	1998,	0,	\N
609,	145,	3,	1998,	0,	\N
610,	149,	3,	1998,	0,	\N
611,	151,	3,	1998,	0,	\N
612,	154,	3,	1998,	0,	\N
613,	157,	3,	1998,	0,	\N
614,	160,	3,	1998,	0,	\N
615,	173,	3,	1998,	1,	\N
616,	173,	3,	1998,	2,	\N
617,	227,	3,	1998,	0,	\N
618,	178,	3,	1998,	0,	\N
619,	181,	3,	1998,	0,	\N
620,	183,	3,	1998,	0,	\N
621,	184,	3,	1998,	0,	\N
622,	191,	3,	1998,	1,	\N
623,	191,	3,	1998,	2,	\N
624,	63,	2,	1998,	0,	\N
625,	74,	2,	1998,	0,	\N
626,	75,	2,	1998,	0,	\N
627,	76,	2,	1998,	0,	\N
628,	63,	1,	1998,	0,	\N
629,	239,	1,	1998,	0,	\N
630,	243,	1,	1998,	0,	\N
631,	74,	1,	1998,	0,	\N
632,	75,	1,	1998,	0,	\N
633,	76,	1,	1998,	0,	\N
634,	1,	1,	1998,	0,	\N
635,	2,	1,	1998,	0,	\N
636,	4,	1,	1998,	1,	\N
637,	4,	1,	1998,	2,	\N
638,	5,	1,	1998,	1,	\N
639,	5,	1,	1998,	2,	\N
640,	6,	1,	1998,	0,	\N
641,	7,	1,	1998,	0,	\N
642,	8,	1,	1998,	0,	\N
643,	9,	1,	1998,	0,	\N
644,	228,	1,	1998,	0,	\N
645,	10,	1,	1998,	0,	\N
646,	11,	1,	1998,	0,	\N
647,	12,	1,	1998,	0,	\N
648,	21,	1,	1998,	0,	\N
649,	27,	1,	1998,	0,	\N
650,	31,	1,	1998,	0,	\N
651,	33,	1,	1998,	0,	\N
652,	35,	1,	1998,	0,	\N
653,	36,	1,	1998,	0,	\N
654,	37,	1,	1998,	0,	\N
655,	38,	1,	1998,	0,	\N
656,	40,	1,	1998,	0,	\N
657,	47,	1,	1998,	0,	\N
658,	52,	1,	1998,	0,	\N
659,	62,	1,	1998,	1,	\N
660,	62,	1,	1998,	2,	\N
661,	62,	1,	1998,	3,	\N
662,	88,	1,	1998,	1,	\N
663,	88,	1,	1998,	2,	\N
664,	210,	1,	1998,	0,	\N
665,	213,	1,	1998,	0,	\N
666,	214,	1,	1998,	0,	\N
667,	89,	1,	1998,	0,	\N
668,	91,	1,	1998,	0,	\N
669,	96,	1,	1998,	0,	\N
670,	99,	1,	1998,	0,	\N
671,	241,	1,	1998,	0,	\N
672,	100,	1,	1998,	0,	\N
673,	101,	1,	1998,	0,	\N
674,	102,	1,	1998,	0,	\N
675,	105,	1,	1998,	0,	\N
676,	107,	1,	1998,	0,	\N
677,	108,	1,	1998,	0,	\N
678,	114,	1,	1998,	0,	\N
679,	115,	1,	1998,	0,	\N
680,	117,	1,	1998,	0,	\N
681,	119,	1,	1998,	0,	\N
682,	121,	1,	1998,	0,	\N
683,	122,	1,	1998,	0,	\N
684,	125,	1,	1998,	0,	\N
685,	230,	1,	1998,	0,	\N
686,	231,	1,	1998,	0,	\N
687,	234,	1,	1998,	0,	\N
688,	141,	1,	1998,	0,	\N
689,	143,	1,	1998,	0,	\N
690,	144,	1,	1998,	0,	\N
691,	158,	1,	1998,	0,	\N
692,	159,	1,	1998,	0,	\N
693,	165,	1,	1998,	0,	\N
694,	170,	1,	1998,	0,	\N
695,	171,	1,	1998,	0,	\N
696,	172,	1,	1998,	0,	\N
697,	226,	1,	1998,	0,	\N
698,	178,	1,	1998,	0,	\N
699,	197,	1,	1998,	0,	\N
700,	209,	1,	1998,	0,	\N
701,	63,	3,	1997,	0,	\N
702,	65,	3,	1997,	0,	\N
703,	74,	3,	1997,	0,	\N
704,	75,	3,	1997,	0,	\N
705,	76,	3,	1997,	0,	\N
706,	244,	3,	1997,	0,	\N
707,	1,	3,	1997,	0,	\N
708,	2,	3,	1997,	0,	\N
709,	3,	3,	1997,	0,	\N
710,	4,	3,	1997,	0,	\N
711,	5,	3,	1997,	0,	\N
712,	7,	3,	1997,	0,	\N
713,	8,	3,	1997,	0,	\N
714,	9,	3,	1997,	0,	\N
715,	10,	3,	1997,	0,	\N
716,	11,	3,	1997,	0,	\N
717,	12,	3,	1997,	0,	\N
718,	16,	3,	1997,	1,	\N
719,	16,	3,	1997,	4,	\N
720,	23,	3,	1997,	0,	\N
721,	28,	3,	1997,	0,	\N
722,	44,	3,	1997,	0,	\N
723,	46,	3,	1997,	0,	\N
724,	48,	3,	1997,	0,	\N
725,	51,	3,	1997,	0,	\N
726,	62,	3,	1997,	1,	\N
727,	62,	3,	1997,	2,	\N
728,	62,	3,	1997,	3,	\N
729,	62,	3,	1997,	4,	\N
730,	62,	3,	1997,	5,	\N
731,	62,	3,	1997,	6,	\N
732,	62,	3,	1997,	7,	\N
733,	88,	3,	1997,	1,	\N
734,	88,	3,	1997,	2,	\N
735,	88,	3,	1997,	3,	\N
736,	210,	3,	1997,	0,	\N
737,	213,	3,	1997,	0,	\N
738,	214,	3,	1997,	0,	\N
739,	89,	3,	1997,	0,	\N
740,	91,	3,	1997,	0,	\N
741,	96,	3,	1997,	0,	\N
742,	99,	3,	1997,	0,	\N
743,	241,	3,	1997,	0,	\N
744,	101,	3,	1997,	1,	\N
745,	101,	3,	1997,	2,	\N
746,	104,	3,	1997,	0,	\N
747,	105,	3,	1997,	0,	\N
748,	106,	3,	1997,	0,	\N
749,	108,	3,	1997,	0,	\N
750,	109,	3,	1997,	0,	\N
751,	114,	3,	1997,	0,	\N
752,	115,	3,	1997,	1,	\N
753,	115,	3,	1997,	2,	\N
754,	116,	3,	1997,	0,	\N
755,	117,	3,	1997,	0,	\N
756,	120,	3,	1997,	0,	\N
757,	137,	3,	1997,	0,	\N
758,	139,	3,	1997,	0,	\N
759,	149,	3,	1997,	0,	\N
760,	154,	3,	1997,	0,	\N
761,	169,	3,	1997,	0,	\N
762,	173,	3,	1997,	0,	\N
763,	178,	3,	1997,	0,	\N
764,	184,	3,	1997,	0,	\N
765,	196,	3,	1997,	0,	\N
766,	210,	2,	1997,	0,	\N
767,	63,	2,	1997,	0,	\N
768,	74,	2,	1997,	0,	\N
769,	75,	2,	1997,	0,	\N
770,	88,	1,	1997,	1,	\N
771,	88,	1,	1997,	2,	\N
772,	130,	1,	1997,	1,	\N
773,	130,	1,	1997,	2,	\N
774,	130,	1,	1997,	3,	\N
775,	210,	1,	1997,	0,	\N
776,	213,	1,	1997,	0,	\N
777,	215,	1,	1997,	1,	\N
778,	215,	1,	1997,	2,	\N
779,	216,	1,	1997,	1,	\N
780,	216,	1,	1997,	2,	\N
781,	89,	1,	1997,	0,	\N
782,	90,	1,	1997,	0,	\N
783,	91,	1,	1997,	1,	\N
784,	91,	1,	1997,	2,	\N
785,	94,	1,	1997,	0,	\N
786,	96,	1,	1997,	0,	\N
787,	97,	1,	1997,	0,	\N
788,	98,	1,	1997,	0,	\N
789,	99,	1,	1997,	0,	\N
790,	241,	1,	1997,	0,	\N
791,	100,	1,	1997,	0,	\N
792,	101,	1,	1997,	0,	\N
793,	104,	1,	1997,	0,	\N
794,	105,	1,	1997,	0,	\N
795,	107,	1,	1997,	0,	\N
796,	108,	1,	1997,	0,	\N
797,	112,	1,	1997,	0,	\N
798,	113,	1,	1997,	1,	\N
799,	113,	1,	1997,	2,	\N
800,	114,	1,	1997,	0,	\N
801,	115,	1,	1997,	0,	\N
802,	117,	1,	1997,	0,	\N
803,	119,	1,	1997,	0,	\N
804,	121,	1,	1997,	0,	\N
805,	122,	1,	1997,	0,	\N
806,	125,	1,	1997,	0,	\N
807,	231,	1,	1997,	0,	\N
808,	141,	1,	1997,	0,	\N
809,	143,	1,	1997,	0,	\N
810,	144,	1,	1997,	0,	\N
811,	147,	1,	1997,	1,	\N
812,	147,	1,	1997,	2,	\N
813,	150,	1,	1997,	0,	\N
814,	156,	1,	1997,	0,	\N
815,	157,	1,	1997,	0,	\N
816,	158,	1,	1997,	0,	\N
817,	160,	1,	1997,	0,	\N
818,	170,	1,	1997,	0,	\N
819,	171,	1,	1997,	0,	\N
820,	172,	1,	1997,	0,	\N
821,	180,	1,	1997,	0,	\N
822,	184,	1,	1997,	0,	\N
823,	185,	1,	1997,	1,	\N
824,	185,	1,	1997,	2,	\N
825,	185,	1,	1997,	3,	\N
826,	197,	1,	1997,	0,	\N
827,	63,	1,	1997,	0,	\N
828,	245,	1,	1997,	0,	\N
829,	239,	1,	1997,	0,	\N
830,	74,	1,	1997,	0,	\N
831,	75,	1,	1997,	0,	\N
832,	76,	1,	1997,	0,	\N
833,	1,	1,	1997,	0,	\N
834,	2,	1,	1997,	0,	\N
835,	3,	1,	1997,	0,	\N
836,	4,	1,	1997,	0,	\N
837,	5,	1,	1997,	0,	\N
838,	6,	1,	1997,	0,	\N
839,	7,	1,	1997,	0,	\N
840,	8,	1,	1997,	0,	\N
841,	9,	1,	1997,	0,	\N
842,	10,	1,	1997,	0,	\N
843,	11,	1,	1997,	0,	\N
844,	12,	1,	1997,	0,	\N
845,	20,	1,	1997,	0,	\N
846,	31,	1,	1997,	0,	\N
847,	35,	1,	1997,	1,	\N
848,	35,	1,	1997,	2,	\N
849,	36,	1,	1997,	0,	\N
850,	37,	1,	1997,	0,	\N
851,	45,	1,	1997,	0,	\N
852,	46,	1,	1997,	0,	\N
853,	52,	1,	1997,	1,	\N
854,	52,	1,	1997,	2,	\N
855,	53,	1,	1997,	0,	\N
856,	246,	1,	1997,	0,	\N
857,	62,	1,	1997,	1,	\N
858,	62,	1,	1997,	2,	\N
859,	63,	3,	1996,	0,	\N
860,	65,	3,	1996,	0,	\N
861,	74,	3,	1996,	0,	\N
862,	75,	3,	1996,	0,	\N
863,	76,	3,	1996,	0,	\N
864,	244,	3,	1996,	0,	\N
865,	1,	3,	1996,	0,	\N
866,	2,	3,	1996,	0,	\N
867,	4,	3,	1996,	0,	\N
868,	5,	3,	1996,	0,	\N
869,	6,	3,	1996,	1,	\N
870,	6,	3,	1996,	2,	\N
871,	7,	3,	1996,	1,	\N
872,	7,	3,	1996,	2,	\N
873,	8,	3,	1996,	0,	\N
874,	9,	3,	1996,	0,	\N
875,	10,	3,	1996,	1,	\N
876,	10,	3,	1996,	2,	\N
877,	10,	3,	1996,	3,	\N
878,	11,	3,	1996,	0,	\N
879,	12,	3,	1996,	0,	\N
880,	21,	3,	1996,	0,	\N
881,	28,	3,	1996,	0,	\N
882,	32,	3,	1996,	0,	\N
883,	43,	3,	1996,	0,	\N
884,	47,	3,	1996,	1,	\N
885,	47,	3,	1996,	2,	\N
886,	50,	3,	1996,	0,	\N
887,	62,	3,	1996,	0,	\N
888,	247,	3,	1996,	0,	\N
889,	88,	3,	1996,	1,	\N
890,	88,	3,	1996,	2,	\N
891,	210,	3,	1996,	0,	\N
892,	213,	3,	1996,	0,	\N
893,	89,	3,	1996,	0,	\N
894,	91,	3,	1996,	0,	\N
895,	96,	3,	1996,	0,	\N
896,	99,	3,	1996,	0,	\N
897,	101,	3,	1996,	0,	\N
898,	102,	3,	1996,	0,	\N
899,	105,	3,	1996,	0,	\N
900,	106,	3,	1996,	0,	\N
901,	108,	3,	1996,	0,	\N
902,	114,	3,	1996,	0,	\N
903,	115,	3,	1996,	0,	\N
904,	116,	3,	1996,	0,	\N
905,	117,	3,	1996,	0,	\N
906,	120,	3,	1996,	0,	\N
907,	224,	3,	1996,	0,	\N
908,	139,	3,	1996,	0,	\N
909,	142,	3,	1996,	0,	\N
910,	149,	3,	1996,	0,	\N
911,	154,	3,	1996,	0,	\N
912,	161,	3,	1996,	0,	\N
913,	164,	3,	1996,	0,	\N
914,	169,	3,	1996,	0,	\N
915,	173,	3,	1996,	0,	\N
916,	183,	3,	1996,	0,	\N
917,	191,	3,	1996,	0,	\N
918,	196,	3,	1996,	0,	\N
919,	207,	3,	1996,	0,	\N
920,	210,	2,	1996,	0,	\N
921,	63,	2,	1996,	0,	\N
922,	74,	2,	1996,	0,	\N
923,	75,	2,	1996,	0,	\N
924,	63,	1,	1996,	0,	\N
925,	74,	1,	1996,	0,	\N
926,	75,	1,	1996,	0,	\N
927,	76,	1,	1996,	0,	\N
928,	1,	1,	1996,	0,	\N
929,	2,	1,	1996,	0,	\N
930,	4,	1,	1996,	0,	\N
931,	5,	1,	1996,	0,	\N
932,	6,	1,	1996,	0,	\N
933,	7,	1,	1996,	0,	\N
934,	8,	1,	1996,	0,	\N
935,	9,	1,	1996,	0,	\N
936,	10,	1,	1996,	0,	\N
937,	11,	1,	1996,	0,	\N
938,	12,	1,	1996,	0,	\N
939,	14,	1,	1996,	0,	\N
940,	16,	1,	1996,	0,	\N
941,	20,	1,	1996,	0,	\N
942,	21,	1,	1996,	0,	\N
943,	31,	1,	1996,	0,	\N
944,	33,	1,	1996,	0,	\N
945,	35,	1,	1996,	0,	\N
946,	36,	1,	1996,	0,	\N
947,	248,	1,	1996,	0,	\N
948,	38,	1,	1996,	0,	\N
949,	45,	1,	1996,	0,	\N
950,	46,	1,	1996,	0,	\N
951,	52,	1,	1996,	0,	\N
952,	53,	1,	1996,	0,	\N
953,	62,	1,	1996,	1,	\N
954,	62,	1,	1996,	2,	\N
955,	62,	1,	1996,	4,	\N
956,	62,	1,	1996,	5,	\N
957,	62,	1,	1996,	6,	\N
958,	62,	1,	1996,	7,	\N
959,	62,	1,	1996,	9,	\N
960,	88,	1,	1996,	0,	\N
961,	130,	1,	1996,	0,	\N
962,	210,	1,	1996,	0,	\N
963,	213,	1,	1996,	0,	\N
964,	214,	1,	1996,	0,	\N
965,	89,	1,	1996,	0,	\N
966,	91,	1,	1996,	0,	\N
967,	94,	1,	1996,	0,	\N
968,	96,	1,	1996,	0,	\N
969,	97,	1,	1996,	0,	\N
970,	98,	1,	1996,	0,	\N
971,	99,	1,	1996,	0,	\N
972,	100,	1,	1996,	0,	\N
973,	102,	1,	1996,	0,	\N
974,	104,	1,	1996,	0,	\N
975,	107,	1,	1996,	0,	\N
976,	108,	1,	1996,	0,	\N
977,	112,	1,	1996,	0,	\N
978,	113,	1,	1996,	0,	\N
979,	114,	1,	1996,	0,	\N
980,	115,	1,	1996,	0,	\N
981,	117,	1,	1996,	0,	\N
982,	118,	1,	1996,	0,	\N
983,	119,	1,	1996,	0,	\N
984,	121,	1,	1996,	0,	\N
985,	125,	1,	1996,	0,	\N
986,	231,	1,	1996,	0,	\N
987,	139,	1,	1996,	0,	\N
988,	141,	1,	1996,	0,	\N
989,	143,	1,	1996,	0,	\N
990,	146,	1,	1996,	0,	\N
991,	145,	1,	1996,	0,	\N
992,	150,	1,	1996,	0,	\N
993,	158,	1,	1996,	0,	\N
994,	163,	1,	1996,	0,	\N
995,	165,	1,	1996,	0,	\N
996,	169,	1,	1996,	0,	\N
997,	172,	1,	1996,	0,	\N
998,	226,	1,	1996,	0,	\N
999,	178,	1,	1996,	0,	\N
1000,	183,	1,	1996,	0,	\N
1001,	184,	1,	1996,	0,	\N
1002,	191,	1,	1996,	0,	\N
1003,	194,	1,	1996,	0,	\N
1004,	197,	1,	1996,	0,	\N
1005,	181,	1,	1996,	0,	\N
1006,	209,	1,	1996,	8,	\N
1007,	209,	1,	1996,	24,	\N
1008,	88,	3,	1995,	1,	\N
1009,	88,	3,	1995,	2,	\N
1010,	210,	3,	1995,	0,	\N
1011,	213,	3,	1995,	0,	\N
1012,	89,	3,	1995,	0,	\N
1013,	91,	3,	1995,	0,	\N
1014,	96,	3,	1995,	0,	\N
1015,	99,	3,	1995,	0,	\N
1016,	101,	3,	1995,	0,	\N
1017,	102,	3,	1995,	0,	\N
1018,	104,	3,	1995,	0,	\N
1019,	105,	3,	1995,	0,	\N
1020,	106,	3,	1995,	0,	\N
1021,	108,	3,	1995,	0,	\N
1022,	109,	3,	1995,	0,	\N
1023,	114,	3,	1995,	0,	\N
1024,	115,	3,	1995,	0,	\N
1025,	116,	3,	1995,	0,	\N
1026,	117,	3,	1995,	0,	\N
1027,	120,	3,	1995,	0,	\N
1028,	125,	3,	1995,	0,	\N
1029,	131,	3,	1995,	0,	\N
1030,	137,	3,	1995,	0,	\N
1031,	139,	3,	1995,	0,	\N
1032,	144,	3,	1995,	0,	\N
1033,	149,	3,	1995,	0,	\N
1034,	153,	3,	1995,	0,	\N
1035,	157,	3,	1995,	0,	\N
1036,	159,	3,	1995,	0,	\N
1037,	162,	3,	1995,	0,	\N
1038,	169,	3,	1995,	0,	\N
1039,	171,	3,	1995,	0,	\N
1040,	187,	3,	1995,	0,	\N
1041,	63,	3,	1995,	0,	\N
1042,	65,	3,	1995,	0,	\N
1043,	74,	3,	1995,	0,	\N
1044,	75,	3,	1995,	0,	\N
1045,	76,	3,	1995,	0,	\N
1046,	244,	3,	1995,	0,	\N
1047,	1,	3,	1995,	0,	\N
1048,	2,	3,	1995,	1,	\N
1049,	2,	3,	1995,	2,	\N
1050,	4,	3,	1995,	1,	\N
1051,	4,	3,	1995,	2,	\N
1052,	5,	3,	1995,	1,	\N
1053,	5,	3,	1995,	2,	\N
1054,	6,	3,	1995,	0,	\N
1055,	7,	3,	1995,	1,	\N
1056,	7,	3,	1995,	2,	\N
1057,	8,	3,	1995,	0,	\N
1058,	9,	3,	1995,	0,	\N
1059,	10,	3,	1995,	0,	\N
1060,	11,	3,	1995,	0,	\N
1061,	12,	3,	1995,	0,	\N
1062,	16,	3,	1995,	0,	\N
1063,	21,	3,	1995,	0,	\N
1064,	28,	3,	1995,	0,	\N
1065,	32,	3,	1995,	0,	\N
1066,	34,	3,	1995,	0,	\N
1067,	37,	3,	1995,	0,	\N
1068,	42,	3,	1995,	0,	\N
1069,	50,	3,	1995,	0,	\N
1070,	55,	3,	1995,	0,	\N
1071,	62,	3,	1995,	0,	\N
1072,	74,	2,	1995,	0,	\N
1073,	63,	1,	1995,	0,	\N
1074,	65,	1,	1995,	0,	\N
1075,	74,	1,	1995,	0,	\N
1076,	75,	1,	1995,	0,	\N
1077,	76,	1,	1995,	0,	\N
1078,	1,	1,	1995,	0,	\N
1079,	2,	1,	1995,	1,	\N
1080,	2,	1,	1995,	2,	\N
1081,	4,	1,	1995,	1,	\N
1082,	4,	1,	1995,	2,	\N
1083,	5,	1,	1995,	1,	\N
1084,	5,	1,	1995,	2,	\N
1085,	6,	1,	1995,	0,	\N
1086,	7,	1,	1995,	1,	\N
1087,	7,	1,	1995,	2,	\N
1088,	8,	1,	1995,	0,	\N
1089,	9,	1,	1995,	0,	\N
1090,	10,	1,	1995,	0,	\N
1091,	11,	1,	1995,	0,	\N
1092,	12,	1,	1995,	0,	\N
1093,	23,	1,	1995,	0,	\N
1094,	25,	1,	1995,	0,	\N
1095,	32,	1,	1995,	0,	\N
1096,	35,	1,	1995,	0,	\N
1097,	36,	1,	1995,	0,	\N
1098,	39,	1,	1995,	0,	\N
1099,	44,	1,	1995,	0,	\N
1100,	46,	1,	1995,	0,	\N
1101,	47,	1,	1995,	0,	\N
1102,	50,	1,	1995,	0,	\N
1103,	52,	1,	1995,	0,	\N
1104,	59,	1,	1995,	0,	\N
1105,	62,	1,	1995,	1,	\N
1106,	62,	1,	1995,	3,	\N
1107,	62,	1,	1995,	5,	\N
1108,	62,	1,	1995,	7,	\N
1109,	88,	1,	1995,	1,	\N
1110,	88,	1,	1995,	2,	\N
1111,	210,	1,	1995,	0,	\N
1112,	213,	1,	1995,	0,	\N
1113,	89,	1,	1995,	0,	\N
1114,	90,	1,	1995,	0,	\N
1115,	91,	1,	1995,	0,	\N
1116,	96,	1,	1995,	0,	\N
1117,	98,	1,	1995,	0,	\N
1118,	99,	1,	1995,	0,	\N
1119,	100,	1,	1995,	0,	\N
1120,	102,	1,	1995,	0,	\N
1121,	108,	1,	1995,	0,	\N
1122,	113,	1,	1995,	0,	\N
1123,	114,	1,	1995,	0,	\N
1124,	115,	1,	1995,	0,	\N
1125,	117,	1,	1995,	0,	\N
1126,	118,	1,	1995,	0,	\N
1127,	121,	1,	1995,	0,	\N
1128,	122,	1,	1995,	0,	\N
1129,	125,	1,	1995,	0,	\N
1130,	138,	1,	1995,	0,	\N
1131,	139,	1,	1995,	0,	\N
1132,	141,	1,	1995,	0,	\N
1133,	143,	1,	1995,	0,	\N
1134,	144,	1,	1995,	0,	\N
1135,	147,	1,	1995,	1,	\N
1136,	147,	1,	1995,	2,	\N
1137,	151,	1,	1995,	0,	\N
1138,	156,	1,	1995,	0,	\N
1139,	158,	1,	1995,	0,	\N
1140,	160,	1,	1995,	0,	\N
1141,	163,	1,	1995,	0,	\N
1142,	165,	1,	1995,	0,	\N
1143,	169,	1,	1995,	0,	\N
1144,	171,	1,	1995,	0,	\N
1145,	172,	1,	1995,	0,	\N
1146,	184,	1,	1995,	0,	\N
1147,	188,	1,	1995,	0,	\N
1148,	192,	1,	1995,	1,	\N
1149,	192,	1,	1995,	2,	\N
1150,	192,	1,	1995,	3,	\N
1151,	201,	1,	1995,	0,	\N
1152,	192,	1,	1995,	4,	\N
1153,	196,	1,	1995,	0,	\N
1154,	199,	1,	1995,	0,	\N
1155,	206,	1,	1995,	0,	\N
1156,	207,	1,	1995,	0,	\N
1157,	63,	3,	1994,	0,	\N
1158,	74,	3,	1994,	0,	\N
1159,	75,	3,	1994,	0,	\N
1160,	76,	3,	1994,	0,	\N
1161,	1,	3,	1994,	0,	\N
1162,	4,	3,	1994,	1,	\N
1163,	4,	3,	1994,	2,	\N
1164,	5,	3,	1994,	1,	\N
1165,	5,	3,	1994,	2,	\N
1166,	7,	3,	1994,	1,	\N
1167,	7,	3,	1994,	2,	\N
1168,	8,	3,	1994,	0,	\N
1169,	9,	3,	1994,	0,	\N
1170,	10,	3,	1994,	0,	\N
1171,	11,	3,	1994,	0,	\N
1172,	12,	3,	1994,	0,	\N
1173,	21,	3,	1994,	0,	\N
1174,	27,	3,	1994,	0,	\N
1175,	28,	3,	1994,	0,	\N
1176,	31,	3,	1994,	0,	\N
1177,	37,	3,	1994,	0,	\N
1178,	40,	3,	1994,	0,	\N
1179,	42,	3,	1994,	0,	\N
1180,	48,	3,	1994,	0,	\N
1181,	51,	3,	1994,	0,	\N
1182,	53,	3,	1994,	0,	\N
1183,	54,	3,	1994,	0,	\N
1184,	62,	3,	1994,	2,	\N
1185,	62,	3,	1994,	3,	\N
1186,	62,	3,	1994,	4,	\N
1187,	62,	3,	1994,	5,	\N
1188,	88,	3,	1994,	0,	\N
1189,	210,	3,	1994,	0,	\N
1190,	213,	3,	1994,	0,	\N
1191,	89,	3,	1994,	0,	\N
1192,	90,	3,	1994,	0,	\N
1193,	91,	3,	1994,	0,	\N
1194,	94,	3,	1994,	0,	\N
1195,	96,	3,	1994,	0,	\N
1196,	99,	3,	1994,	0,	\N
1197,	101,	3,	1994,	0,	\N
1198,	102,	3,	1994,	0,	\N
1199,	104,	3,	1994,	0,	\N
1200,	105,	3,	1994,	0,	\N
1201,	106,	3,	1994,	0,	\N
1202,	108,	3,	1994,	0,	\N
1203,	109,	3,	1994,	0,	\N
1204,	114,	3,	1994,	0,	\N
1205,	115,	3,	1994,	0,	\N
1206,	116,	3,	1994,	0,	\N
1207,	117,	3,	1994,	0,	\N
1208,	120,	3,	1994,	0,	\N
1209,	131,	3,	1994,	0,	\N
1210,	139,	3,	1994,	0,	\N
1211,	145,	3,	1994,	0,	\N
1212,	149,	3,	1994,	0,	\N
1213,	154,	3,	1994,	0,	\N
1214,	157,	3,	1994,	0,	\N
1215,	159,	3,	1994,	0,	\N
1216,	162,	3,	1994,	0,	\N
1217,	164,	3,	1994,	0,	\N
1218,	169,	3,	1994,	0,	\N
1219,	173,	3,	1994,	0,	\N
1220,	178,	3,	1994,	0,	\N
1221,	185,	3,	1994,	0,	\N
1222,	179,	3,	1994,	0,	\N
1223,	88,	1,	1994,	0,	\N
1224,	210,	1,	1994,	0,	\N
1225,	213,	1,	1994,	0,	\N
1226,	89,	1,	1994,	0,	\N
1227,	90,	1,	1994,	0,	\N
1228,	91,	1,	1994,	0,	\N
1229,	95,	1,	1994,	0,	\N
1230,	96,	1,	1994,	0,	\N
1231,	97,	1,	1994,	0,	\N
1232,	98,	1,	1994,	0,	\N
1233,	99,	1,	1994,	0,	\N
1234,	100,	1,	1994,	0,	\N
1235,	102,	1,	1994,	0,	\N
1236,	108,	1,	1994,	0,	\N
1237,	112,	1,	1994,	0,	\N
1238,	113,	1,	1994,	0,	\N
1239,	114,	1,	1994,	0,	\N
1240,	115,	1,	1994,	0,	\N
1241,	116,	1,	1994,	0,	\N
1242,	117,	1,	1994,	0,	\N
1243,	118,	1,	1994,	0,	\N
1244,	121,	1,	1994,	0,	\N
1245,	125,	1,	1994,	0,	\N
1246,	132,	1,	1994,	0,	\N
1247,	141,	1,	1994,	0,	\N
1248,	143,	1,	1994,	0,	\N
1249,	144,	1,	1994,	0,	\N
1250,	150,	1,	1994,	0,	\N
1251,	151,	1,	1994,	0,	\N
1252,	155,	1,	1994,	0,	\N
1253,	158,	1,	1994,	0,	\N
1254,	160,	1,	1994,	0,	\N
1255,	163,	1,	1994,	0,	\N
1256,	165,	1,	1994,	0,	\N
1257,	169,	1,	1994,	0,	\N
1258,	170,	1,	1994,	0,	\N
1259,	171,	1,	1994,	0,	\N
1260,	172,	1,	1994,	0,	\N
1261,	184,	1,	1994,	0,	\N
1262,	188,	1,	1994,	0,	\N
1263,	192,	1,	1994,	0,	\N
1264,	193,	1,	1994,	0,	\N
1265,	194,	1,	1994,	0,	\N
1266,	196,	1,	1994,	0,	\N
1267,	199,	1,	1994,	0,	\N
1268,	203,	1,	1994,	0,	\N
1269,	18,	1,	1994,	0,	\N
1270,	63,	1,	1994,	0,	\N
1271,	73,	1,	1994,	0,	\N
1272,	74,	1,	1994,	0,	\N
1273,	75,	1,	1994,	0,	\N
1274,	1,	1,	1994,	0,	\N
1275,	2,	1,	1994,	1,	\N
1276,	2,	1,	1994,	2,	\N
1277,	4,	1,	1994,	1,	\N
1278,	4,	1,	1994,	2,	\N
1279,	5,	1,	1994,	1,	\N
1280,	5,	1,	1994,	2,	\N
1281,	6,	1,	1994,	0,	\N
1282,	7,	1,	1994,	1,	\N
1283,	7,	1,	1994,	2,	\N
1284,	8,	1,	1994,	0,	\N
1285,	9,	1,	1994,	0,	\N
1286,	10,	1,	1994,	0,	\N
1287,	11,	1,	1994,	0,	\N
1288,	12,	1,	1994,	0,	\N
1289,	15,	1,	1994,	0,	\N
1290,	20,	1,	1994,	0,	\N
1291,	21,	1,	1994,	0,	\N
1292,	22,	1,	1994,	0,	\N
1293,	28,	1,	1994,	0,	\N
1294,	31,	1,	1994,	0,	\N
1295,	34,	1,	1994,	0,	\N
1296,	35,	1,	1994,	0,	\N
1297,	36,	1,	1994,	0,	\N
1298,	37,	1,	1994,	0,	\N
1299,	38,	1,	1994,	0,	\N
1300,	39,	1,	1994,	0,	\N
1301,	40,	1,	1994,	0,	\N
1302,	46,	1,	1994,	0,	\N
1303,	49,	1,	1994,	0,	\N
1304,	50,	1,	1994,	0,	\N
1305,	52,	1,	1994,	0,	\N
1306,	55,	1,	1994,	0,	\N
1307,	62,	1,	1994,	1,	\N
1308,	62,	1,	1994,	4,	\N
1309,	63,	3,	1993,	0,	\N
1310,	71,	3,	1993,	0,	\N
1311,	72,	3,	1993,	0,	\N
1312,	73,	3,	1993,	0,	\N
1313,	1,	3,	1993,	0,	\N
1314,	2,	3,	1993,	1,	\N
1315,	2,	3,	1993,	2,	\N
1316,	4,	3,	1993,	1,	\N
1317,	4,	3,	1993,	2,	\N
1318,	5,	3,	1993,	1,	\N
1319,	5,	3,	1993,	2,	\N
1320,	7,	3,	1993,	1,	\N
1321,	7,	3,	1993,	2,	\N
1322,	8,	3,	1993,	0,	\N
1323,	9,	3,	1993,	0,	\N
1324,	10,	3,	1993,	1,	\N
1325,	10,	3,	1993,	2,	\N
1326,	11,	3,	1993,	0,	\N
1327,	12,	3,	1993,	0,	\N
1328,	27,	3,	1993,	0,	\N
1329,	28,	3,	1993,	0,	\N
1330,	32,	3,	1993,	0,	\N
1331,	37,	3,	1993,	0,	\N
1332,	41,	3,	1993,	0,	\N
1333,	44,	3,	1993,	0,	\N
1334,	62,	3,	1993,	2,	\N
1335,	62,	3,	1993,	3,	\N
1336,	62,	3,	1993,	5,	\N
1337,	88,	3,	1993,	0,	\N
1338,	210,	3,	1993,	0,	\N
1339,	213,	3,	1993,	0,	\N
1340,	89,	3,	1993,	0,	\N
1341,	90,	3,	1993,	0,	\N
1342,	91,	3,	1993,	0,	\N
1343,	96,	3,	1993,	0,	\N
1344,	99,	3,	1993,	0,	\N
1345,	101,	3,	1993,	0,	\N
1346,	102,	3,	1993,	0,	\N
1347,	104,	3,	1993,	0,	\N
1348,	106,	3,	1993,	0,	\N
1349,	108,	3,	1993,	0,	\N
1350,	109,	3,	1993,	0,	\N
1351,	114,	3,	1993,	0,	\N
1352,	115,	3,	1993,	0,	\N
1353,	117,	3,	1993,	0,	\N
1354,	119,	3,	1993,	0,	\N
1355,	120,	3,	1993,	0,	\N
1356,	122,	3,	1993,	0,	\N
1357,	249,	3,	1993,	0,	\N
1358,	131,	3,	1993,	0,	\N
1359,	137,	3,	1993,	0,	\N
1360,	139,	3,	1993,	0,	\N
1361,	148,	3,	1993,	0,	\N
1362,	154,	3,	1993,	0,	\N
1363,	157,	3,	1993,	0,	\N
1364,	159,	3,	1993,	0,	\N
1365,	162,	3,	1993,	0,	\N
1366,	169,	3,	1993,	0,	\N
1367,	173,	3,	1993,	0,	\N
1368,	201,	3,	1993,	0,	\N
1369,	197,	3,	1993,	0,	\N
1370,	178,	3,	1993,	0,	\N
1371,	185,	3,	1993,	0,	\N
1372,	181,	3,	1993,	0,	\N
1373,	88,	1,	1993,	0,	\N
1374,	210,	1,	1993,	0,	\N
1375,	213,	1,	1993,	0,	\N
1376,	89,	1,	1993,	0,	\N
1377,	90,	1,	1993,	1,	\N
1378,	90,	1,	1993,	2,	\N
1379,	91,	1,	1993,	1,	\N
1380,	91,	1,	1993,	2,	\N
1381,	97,	1,	1993,	0,	\N
1382,	96,	1,	1993,	0,	\N
1383,	98,	1,	1993,	0,	\N
1384,	99,	1,	1993,	1,	\N
1385,	99,	1,	1993,	2,	\N
1386,	100,	1,	1993,	0,	\N
1387,	102,	1,	1993,	0,	\N
1388,	108,	1,	1993,	0,	\N
1389,	112,	1,	1993,	0,	\N
1390,	114,	1,	1993,	0,	\N
1391,	115,	1,	1993,	0,	\N
1392,	116,	1,	1993,	0,	\N
1393,	117,	1,	1993,	0,	\N
1394,	118,	1,	1993,	0,	\N
1395,	121,	1,	1993,	0,	\N
1396,	132,	1,	1993,	0,	\N
1397,	133,	1,	1993,	0,	\N
1398,	139,	1,	1993,	0,	\N
1399,	141,	1,	1993,	0,	\N
1400,	142,	1,	1993,	0,	\N
1401,	144,	1,	1993,	0,	\N
1402,	145,	1,	1993,	0,	\N
1403,	146,	1,	1993,	1,	\N
1404,	146,	1,	1993,	2,	\N
1405,	151,	1,	1993,	1,	\N
1406,	151,	1,	1993,	2,	\N
1407,	153,	1,	1993,	0,	\N
1408,	157,	1,	1993,	0,	\N
1409,	158,	1,	1993,	0,	\N
1410,	160,	1,	1993,	0,	\N
1411,	170,	1,	1993,	0,	\N
1412,	171,	1,	1993,	0,	\N
1413,	172,	1,	1993,	0,	\N
1414,	173,	1,	1993,	0,	\N
1415,	175,	1,	1993,	0,	\N
1416,	186,	1,	1993,	0,	\N
1417,	178,	1,	1993,	0,	\N
1418,	179,	1,	1993,	0,	\N
1419,	197,	1,	1993,	0,	\N
1420,	196,	1,	1993,	0,	\N
1421,	199,	1,	1993,	0,	\N
1422,	209,	1,	1993,	41,	\N
1423,	63,	1,	1993,	0,	\N
1424,	71,	1,	1993,	0,	\N
1425,	72,	1,	1993,	0,	\N
1426,	73,	1,	1993,	0,	\N
1427,	1,	1,	1993,	0,	\N
1428,	2,	1,	1993,	0,	\N
1429,	4,	1,	1993,	1,	\N
1430,	4,	1,	1993,	2,	\N
1431,	5,	1,	1993,	1,	\N
1432,	5,	1,	1993,	2,	\N
1433,	6,	1,	1993,	0,	\N
1434,	7,	1,	1993,	1,	\N
1435,	7,	1,	1993,	2,	\N
1436,	8,	1,	1993,	0,	\N
1437,	9,	1,	1993,	0,	\N
1438,	10,	1,	1993,	0,	\N
1439,	11,	1,	1993,	0,	\N
1440,	12,	1,	1993,	0,	\N
1441,	15,	1,	1993,	0,	\N
1442,	20,	1,	1993,	0,	\N
1443,	21,	1,	1993,	0,	\N
1444,	33,	1,	1993,	0,	\N
1445,	34,	1,	1993,	0,	\N
1446,	35,	1,	1993,	0,	\N
1447,	36,	1,	1993,	0,	\N
1448,	37,	1,	1993,	0,	\N
1449,	39,	1,	1993,	0,	\N
1450,	40,	1,	1993,	0,	\N
1451,	45,	1,	1993,	0,	\N
1452,	46,	1,	1993,	0,	\N
1453,	47,	1,	1993,	0,	\N
1454,	50,	1,	1993,	0,	\N
1455,	52,	1,	1993,	0,	\N
1456,	53,	1,	1993,	0,	\N
1457,	57,	1,	1993,	0,	\N
1458,	59,	1,	1993,	0,	\N
1459,	62,	1,	1993,	3,	\N
1460,	62,	1,	1993,	4,	\N
1461,	18,	3,	1992,	0,	\N
1462,	63,	3,	1992,	1,	\N
1463,	63,	3,	1992,	2,	\N
1464,	71,	3,	1992,	0,	\N
1465,	72,	3,	1992,	0,	\N
1466,	73,	3,	1992,	0,	\N
1467,	1,	3,	1992,	0,	\N
1468,	2,	3,	1992,	1,	\N
1469,	2,	3,	1992,	2,	\N
1470,	4,	3,	1992,	1,	\N
1471,	4,	3,	1992,	2,	\N
1472,	5,	3,	1992,	1,	\N
1473,	5,	3,	1992,	2,	\N
1474,	7,	3,	1992,	1,	\N
1475,	7,	3,	1992,	2,	\N
1476,	8,	3,	1992,	2,	\N
1477,	9,	3,	1992,	0,	\N
1478,	10,	3,	1992,	2,	\N
1479,	11,	3,	1992,	0,	\N
1480,	12,	3,	1992,	0,	\N
1481,	14,	3,	1992,	0,	\N
1482,	28,	3,	1992,	0,	\N
1483,	31,	3,	1992,	0,	\N
1484,	32,	3,	1992,	0,	\N
1485,	37,	3,	1992,	0,	\N
1486,	42,	3,	1992,	0,	\N
1487,	43,	3,	1992,	0,	\N
1488,	49,	3,	1992,	0,	\N
1489,	51,	3,	1992,	0,	\N
1490,	54,	3,	1992,	0,	\N
1491,	62,	3,	1992,	1,	\N
1492,	62,	3,	1992,	6,	\N
1493,	62,	3,	1992,	7,	\N
1494,	88,	3,	1992,	0,	\N
1495,	210,	3,	1992,	1,	\N
1496,	210,	3,	1992,	2,	\N
1497,	210,	3,	1992,	3,	\N
1498,	213,	3,	1992,	0,	\N
1499,	89,	3,	1992,	0,	\N
1500,	90,	3,	1992,	1,	\N
1501,	90,	3,	1992,	2,	\N
1502,	91,	3,	1992,	1,	\N
1503,	91,	3,	1992,	2,	\N
1504,	96,	3,	1992,	0,	\N
1505,	99,	3,	1992,	0,	\N
1506,	101,	3,	1992,	0,	\N
1507,	102,	3,	1992,	0,	\N
1508,	104,	3,	1992,	0,	\N
1509,	106,	3,	1992,	0,	\N
1510,	108,	3,	1992,	1,	\N
1511,	108,	3,	1992,	2,	\N
1512,	109,	3,	1992,	0,	\N
1513,	113,	3,	1992,	0,	\N
1514,	114,	3,	1992,	0,	\N
1515,	115,	3,	1992,	0,	\N
1516,	117,	3,	1992,	0,	\N
1517,	120,	3,	1992,	0,	\N
1518,	122,	3,	1992,	0,	\N
1519,	125,	3,	1992,	0,	\N
1520,	131,	3,	1992,	0,	\N
1521,	135,	3,	1992,	0,	\N
1522,	139,	3,	1992,	0,	\N
1523,	143,	3,	1992,	0,	\N
1524,	148,	3,	1992,	0,	\N
1525,	159,	3,	1992,	0,	\N
1526,	162,	3,	1992,	0,	\N
1527,	166,	3,	1992,	0,	\N
1528,	169,	3,	1992,	0,	\N
1529,	181,	3,	1992,	0,	\N
1530,	185,	3,	1992,	0,	\N
1531,	187,	3,	1992,	0,	\N
1532,	195,	3,	1992,	0,	\N
1533,	196,	3,	1992,	0,	\N
1534,	198,	3,	1992,	0,	\N
1535,	88,	1,	1992,	0,	\N
1536,	210,	1,	1992,	1,	\N
1537,	210,	1,	1992,	2,	\N
1538,	210,	1,	1992,	3,	\N
1539,	211,	1,	1992,	0,	\N
1540,	213,	1,	1992,	0,	\N
1541,	89,	1,	1992,	0,	\N
1542,	90,	1,	1992,	1,	\N
1543,	90,	1,	1992,	2,	\N
1544,	91,	1,	1992,	1,	\N
1545,	91,	1,	1992,	2,	\N
1546,	95,	1,	1992,	0,	\N
1547,	96,	1,	1992,	0,	\N
1548,	97,	1,	1992,	0,	\N
1549,	98,	1,	1992,	0,	\N
1550,	99,	1,	1992,	1,	\N
1551,	99,	1,	1992,	2,	\N
1552,	102,	1,	1992,	0,	\N
1553,	106,	1,	1992,	0,	\N
1554,	108,	1,	1992,	1,	\N
1555,	108,	1,	1992,	2,	\N
1556,	112,	1,	1992,	0,	\N
1557,	114,	1,	1992,	0,	\N
1558,	115,	1,	1992,	0,	\N
1559,	116,	1,	1992,	0,	\N
1560,	117,	1,	1992,	0,	\N
1561,	119,	1,	1992,	0,	\N
1562,	121,	1,	1992,	0,	\N
1563,	124,	1,	1992,	0,	\N
1564,	132,	1,	1992,	0,	\N
1565,	141,	1,	1992,	0,	\N
1566,	142,	1,	1992,	0,	\N
1567,	143,	1,	1992,	0,	\N
1568,	144,	1,	1992,	0,	\N
1569,	151,	1,	1992,	0,	\N
1570,	156,	1,	1992,	0,	\N
1571,	158,	1,	1992,	0,	\N
1572,	250,	1,	1992,	0,	\N
1573,	163,	1,	1992,	0,	\N
1574,	251,	1,	1992,	0,	\N
1575,	164,	1,	1992,	0,	\N
1576,	167,	1,	1992,	0,	\N
1577,	169,	1,	1992,	0,	\N
1578,	170,	1,	1992,	0,	\N
1579,	171,	1,	1992,	0,	\N
1580,	172,	1,	1992,	0,	\N
1581,	175,	1,	1992,	0,	\N
1582,	188,	1,	1992,	0,	\N
1583,	192,	1,	1992,	0,	\N
1584,	178,	1,	1992,	0,	\N
1585,	196,	1,	1992,	0,	\N
1586,	197,	1,	1992,	0,	\N
1587,	199,	1,	1992,	0,	\N
1588,	63,	1,	1992,	0,	\N
1589,	71,	1,	1992,	0,	\N
1590,	72,	1,	1992,	0,	\N
1591,	73,	1,	1992,	0,	\N
1592,	1,	1,	1992,	0,	\N
1593,	2,	1,	1992,	1,	\N
1594,	2,	1,	1992,	2,	\N
1595,	4,	1,	1992,	1,	\N
1596,	4,	1,	1992,	2,	\N
1597,	5,	1,	1992,	1,	\N
1598,	5,	1,	1992,	2,	\N
1599,	6,	1,	1992,	0,	\N
1600,	7,	1,	1992,	1,	\N
1601,	7,	1,	1992,	2,	\N
1602,	8,	1,	1992,	1,	\N
1603,	8,	1,	1992,	2,	\N
1604,	9,	1,	1992,	0,	\N
1605,	10,	1,	1992,	0,	\N
1606,	11,	1,	1992,	0,	\N
1607,	12,	1,	1992,	2,	\N
1608,	20,	1,	1992,	0,	\N
1609,	27,	1,	1992,	0,	\N
1610,	28,	1,	1992,	0,	\N
1611,	33,	1,	1992,	0,	\N
1612,	35,	1,	1992,	0,	\N
1613,	36,	1,	1992,	0,	\N
1614,	41,	1,	1992,	0,	\N
1615,	45,	1,	1992,	0,	\N
1616,	46,	1,	1992,	0,	\N
1617,	50,	1,	1992,	0,	\N
1618,	52,	1,	1992,	0,	\N
1619,	62,	1,	1992,	3,	\N
1620,	62,	1,	1992,	4,	\N
1621,	63,	3,	1991,	0,	\N
1622,	71,	3,	1991,	0,	\N
1623,	72,	3,	1991,	0,	\N
1624,	73,	3,	1991,	0,	\N
1625,	1,	3,	1991,	0,	\N
1626,	2,	3,	1991,	1,	\N
1627,	2,	3,	1991,	2,	\N
1628,	4,	3,	1991,	1,	\N
1629,	4,	3,	1991,	2,	\N
1630,	5,	3,	1991,	1,	\N
1631,	5,	3,	1991,	2,	\N
1632,	7,	3,	1991,	1,	\N
1633,	7,	3,	1991,	2,	\N
1634,	8,	3,	1991,	0,	\N
1635,	9,	3,	1991,	0,	\N
1636,	10,	3,	1991,	0,	\N
1637,	11,	3,	1991,	0,	\N
1638,	12,	3,	1991,	0,	\N
1639,	21,	3,	1991,	0,	\N
1640,	28,	3,	1991,	0,	\N
1641,	31,	3,	1991,	0,	\N
1642,	32,	3,	1991,	0,	\N
1643,	37,	3,	1991,	0,	\N
1644,	39,	3,	1991,	0,	\N
1645,	48,	3,	1991,	0,	\N
1646,	54,	3,	1991,	0,	\N
1647,	57,	3,	1991,	0,	\N
1648,	62,	3,	1991,	1,	\N
1649,	62,	3,	1991,	2,	\N
1650,	210,	3,	1991,	1,	\N
1651,	210,	3,	1991,	2,	\N
1652,	210,	3,	1991,	3,	\N
1653,	213,	3,	1991,	0,	\N
1654,	89,	3,	1991,	0,	\N
1655,	90,	3,	1991,	1,	\N
1656,	90,	3,	1991,	2,	\N
1657,	91,	3,	1991,	1,	\N
1658,	91,	3,	1991,	2,	\N
1659,	96,	3,	1991,	1,	\N
1660,	96,	3,	1991,	2,	\N
1661,	99,	3,	1991,	0,	\N
1662,	101,	3,	1991,	0,	\N
1663,	102,	3,	1991,	0,	\N
1664,	104,	3,	1991,	0,	\N
1665,	106,	3,	1991,	0,	\N
1666,	108,	3,	1991,	1,	\N
1667,	108,	3,	1991,	2,	\N
1668,	109,	3,	1991,	0,	\N
1669,	113,	3,	1991,	0,	\N
1670,	114,	3,	1991,	0,	\N
1671,	115,	3,	1991,	0,	\N
1672,	117,	3,	1991,	0,	\N
1673,	118,	3,	1991,	0,	\N
1674,	120,	3,	1991,	0,	\N
1675,	122,	3,	1991,	0,	\N
1676,	131,	3,	1991,	0,	\N
1677,	137,	3,	1991,	0,	\N
1678,	139,	3,	1991,	0,	\N
1679,	145,	3,	1991,	0,	\N
1680,	148,	3,	1991,	0,	\N
1681,	152,	3,	1991,	0,	\N
1682,	157,	3,	1991,	0,	\N
1683,	162,	3,	1991,	0,	\N
1684,	166,	3,	1991,	0,	\N
1685,	169,	3,	1991,	0,	\N
1686,	173,	3,	1991,	0,	\N
1687,	178,	3,	1991,	0,	\N
1688,	185,	3,	1991,	0,	\N
1689,	63,	1,	1991,	0,	\N
1690,	71,	1,	1991,	0,	\N
1691,	72,	1,	1991,	0,	\N
1692,	73,	1,	1991,	0,	\N
1693,	1,	1,	1991,	0,	\N
1694,	2,	1,	1991,	1,	\N
1695,	2,	1,	1991,	2,	\N
1696,	4,	1,	1991,	0,	\N
1697,	5,	1,	1991,	1,	\N
1698,	5,	1,	1991,	2,	\N
1699,	7,	1,	1991,	1,	\N
1700,	7,	1,	1991,	2,	\N
1701,	8,	1,	1991,	1,	\N
1702,	8,	1,	1991,	2,	\N
1703,	10,	1,	1991,	0,	\N
1704,	11,	1,	1991,	0,	\N
1705,	12,	1,	1991,	0,	\N
1706,	14,	1,	1991,	0,	\N
1707,	21,	1,	1991,	0,	\N
1708,	23,	1,	1991,	0,	\N
1709,	27,	1,	1991,	0,	\N
1710,	28,	1,	1991,	0,	\N
1711,	34,	1,	1991,	0,	\N
1712,	35,	1,	1991,	0,	\N
1713,	38,	1,	1991,	0,	\N
1714,	40,	1,	1991,	0,	\N
1715,	45,	1,	1991,	0,	\N
1716,	47,	1,	1991,	0,	\N
1717,	50,	1,	1991,	0,	\N
1718,	51,	1,	1991,	0,	\N
1719,	52,	1,	1991,	0,	\N
1720,	53,	1,	1991,	0,	\N
1721,	55,	1,	1991,	0,	\N
1722,	210,	1,	1991,	1,	\N
1723,	210,	1,	1991,	2,	\N
1724,	210,	1,	1991,	3,	\N
1725,	213,	1,	1991,	0,	\N
1726,	89,	1,	1991,	0,	\N
1727,	90,	1,	1991,	1,	\N
1728,	90,	1,	1991,	2,	\N
1729,	91,	1,	1991,	1,	\N
1730,	91,	1,	1991,	2,	\N
1731,	96,	1,	1991,	0,	\N
1732,	97,	1,	1991,	0,	\N
1733,	99,	1,	1991,	0,	\N
1734,	100,	1,	1991,	0,	\N
1735,	101,	1,	1991,	0,	\N
1736,	102,	1,	1991,	0,	\N
1737,	106,	1,	1991,	0,	\N
1738,	108,	1,	1991,	1,	\N
1739,	108,	1,	1991,	2,	\N
1740,	113,	1,	1991,	0,	\N
1741,	114,	1,	1991,	0,	\N
1742,	115,	1,	1991,	0,	\N
1743,	116,	1,	1991,	0,	\N
1744,	117,	1,	1991,	0,	\N
1745,	119,	1,	1991,	0,	\N
1746,	121,	1,	1991,	0,	\N
1747,	124,	1,	1991,	0,	\N
1748,	134,	1,	1991,	0,	\N
1749,	139,	1,	1991,	0,	\N
1750,	141,	1,	1991,	0,	\N
1751,	142,	1,	1991,	0,	\N
1752,	143,	1,	1991,	0,	\N
1753,	144,	1,	1991,	0,	\N
1754,	146,	1,	1991,	0,	\N
1755,	151,	1,	1991,	0,	\N
1756,	153,	1,	1991,	0,	\N
1757,	158,	1,	1991,	0,	\N
1758,	251,	1,	1991,	0,	\N
1759,	170,	1,	1991,	0,	\N
1760,	172,	1,	1991,	0,	\N
1761,	175,	1,	1991,	0,	\N
1762,	185,	1,	1991,	0,	\N
1763,	188,	1,	1991,	0,	\N
1764,	196,	1,	1991,	0,	\N
1765,	197,	1,	1991,	0,	\N
1766,	205,	1,	1991,	0,	\N
1767,	63,	3,	1990,	0,	\N
1768,	71,	3,	1990,	0,	\N
1769,	72,	3,	1990,	0,	\N
1770,	73,	3,	1990,	1,	\N
1771,	73,	3,	1990,	2,	\N
1772,	1,	3,	1990,	0,	\N
1773,	2,	3,	1990,	1,	\N
1774,	2,	3,	1990,	2,	\N
1775,	4,	3,	1990,	1,	\N
1776,	4,	3,	1990,	2,	\N
1777,	5,	3,	1990,	1,	\N
1778,	5,	3,	1990,	2,	\N
1779,	7,	3,	1990,	0,	\N
1780,	8,	3,	1990,	0,	\N
1781,	9,	3,	1990,	0,	\N
1782,	10,	3,	1990,	0,	\N
1783,	11,	3,	1990,	1,	\N
1784,	11,	3,	1990,	2,	\N
1785,	12,	3,	1990,	0,	\N
1786,	13,	3,	1990,	0,	\N
1787,	20,	3,	1990,	0,	\N
1788,	21,	3,	1990,	0,	\N
1789,	28,	3,	1990,	0,	\N
1790,	37,	3,	1990,	0,	\N
1791,	39,	3,	1990,	0,	\N
1792,	61,	3,	1990,	0,	\N
1793,	62,	3,	1990,	1,	\N
1794,	62,	3,	1990,	2,	\N
1795,	210,	3,	1990,	1,	\N
1796,	210,	3,	1990,	2,	\N
1797,	210,	3,	1990,	3,	\N
1798,	213,	3,	1990,	0,	\N
1799,	90,	3,	1990,	1,	\N
1800,	90,	3,	1990,	2,	\N
1801,	96,	3,	1990,	0,	\N
1802,	98,	3,	1990,	0,	\N
1803,	99,	3,	1990,	1,	\N
1804,	99,	3,	1990,	2,	\N
1805,	101,	3,	1990,	0,	\N
1806,	102,	3,	1990,	0,	\N
1807,	106,	3,	1990,	0,	\N
1808,	108,	3,	1990,	1,	\N
1809,	108,	3,	1990,	2,	\N
1810,	109,	3,	1990,	0,	\N
1811,	114,	3,	1990,	1,	\N
1812,	114,	3,	1990,	2,	\N
1813,	115,	3,	1990,	1,	\N
1814,	115,	3,	1990,	2,	\N
1815,	116,	3,	1990,	0,	\N
1816,	117,	3,	1990,	0,	\N
1817,	118,	3,	1990,	0,	\N
1818,	120,	3,	1990,	0,	\N
1819,	122,	3,	1990,	0,	\N
1820,	131,	3,	1990,	0,	\N
1821,	139,	3,	1990,	0,	\N
1822,	145,	3,	1990,	0,	\N
1823,	148,	3,	1990,	0,	\N
1824,	157,	3,	1990,	0,	\N
1825,	162,	3,	1990,	0,	\N
1826,	166,	3,	1990,	0,	\N
1827,	169,	3,	1990,	0,	\N
1828,	171,	3,	1990,	0,	\N
1829,	173,	3,	1990,	0,	\N
1830,	179,	3,	1990,	0,	\N
1831,	199,	3,	1990,	0,	\N
1832,	181,	3,	1990,	0,	\N
1833,	252,	1,	1990,	0,	\N
1834,	71,	1,	1990,	0,	\N
1835,	72,	1,	1990,	0,	\N
1836,	73,	1,	1990,	0,	\N
1837,	253,	1,	1990,	1,	\N
1838,	253,	1,	1990,	2,	\N
1839,	1,	1,	1990,	0,	\N
1840,	2,	1,	1990,	1,	\N
1841,	2,	1,	1990,	2,	\N
1842,	4,	1,	1990,	1,	\N
1843,	4,	1,	1990,	2,	\N
1844,	5,	1,	1990,	1,	\N
1845,	5,	1,	1990,	2,	\N
1846,	7,	1,	1990,	1,	\N
1847,	7,	1,	1990,	2,	\N
1848,	8,	1,	1990,	0,	\N
1849,	9,	1,	1990,	0,	\N
1850,	10,	1,	1990,	1,	\N
1851,	10,	1,	1990,	2,	\N
1852,	11,	1,	1990,	1,	\N
1853,	11,	1,	1990,	2,	\N
1854,	12,	1,	1990,	1,	\N
1855,	12,	1,	1990,	2,	\N
1856,	14,	1,	1990,	0,	\N
1857,	15,	1,	1990,	0,	\N
1858,	21,	1,	1990,	0,	\N
1859,	25,	1,	1990,	0,	\N
1860,	28,	1,	1990,	0,	\N
1861,	32,	1,	1990,	0,	\N
1862,	42,	1,	1990,	0,	\N
1863,	44,	1,	1990,	0,	\N
1864,	47,	1,	1990,	0,	\N
1865,	52,	1,	1990,	0,	\N
1866,	53,	1,	1990,	0,	\N
1867,	55,	1,	1990,	0,	\N
1868,	58,	1,	1990,	0,	\N
1869,	62,	1,	1990,	1,	\N
1870,	62,	1,	1990,	2,	\N
1871,	62,	1,	1990,	3,	\N
1872,	62,	1,	1990,	4,	\N
1873,	210,	1,	1990,	1,	\N
1874,	210,	1,	1990,	2,	\N
1875,	210,	1,	1990,	3,	\N
1876,	213,	1,	1990,	0,	\N
1877,	89,	1,	1990,	0,	\N
1878,	90,	1,	1990,	1,	\N
1879,	90,	1,	1990,	2,	\N
1880,	96,	1,	1990,	0,	\N
1881,	97,	1,	1990,	0,	\N
1882,	99,	1,	1990,	1,	\N
1883,	99,	1,	1990,	2,	\N
1884,	100,	1,	1990,	0,	\N
1885,	102,	1,	1990,	0,	\N
1886,	106,	1,	1990,	0,	\N
1887,	108,	1,	1990,	1,	\N
1888,	108,	1,	1990,	2,	\N
1889,	111,	1,	1990,	0,	\N
1890,	112,	1,	1990,	0,	\N
1891,	113,	1,	1990,	0,	\N
1892,	114,	1,	1990,	1,	\N
1893,	114,	1,	1990,	2,	\N
1894,	115,	1,	1990,	1,	\N
1895,	115,	1,	1990,	2,	\N
1896,	116,	1,	1990,	0,	\N
1897,	117,	1,	1990,	0,	\N
1898,	254,	1,	1990,	0,	\N
1899,	121,	1,	1990,	0,	\N
1900,	132,	1,	1990,	0,	\N
1901,	139,	1,	1990,	0,	\N
1902,	140,	1,	1990,	0,	\N
1903,	141,	1,	1990,	0,	\N
1904,	142,	1,	1990,	0,	\N
1905,	143,	1,	1990,	0,	\N
1906,	144,	1,	1990,	0,	\N
1907,	151,	1,	1990,	0,	\N
1908,	158,	1,	1990,	0,	\N
1909,	251,	1,	1990,	0,	\N
1910,	167,	1,	1990,	0,	\N
1911,	169,	1,	1990,	0,	\N
1912,	170,	1,	1990,	0,	\N
1913,	172,	1,	1990,	0,	\N
1914,	178,	1,	1990,	0,	\N
1915,	185,	1,	1990,	0,	\N
1916,	180,	1,	1990,	0,	\N
1917,	188,	1,	1990,	0,	\N
1918,	190,	1,	1990,	0,	\N
1919,	201,	1,	1990,	0,	\N
1920,	202,	1,	1990,	0,	\N
1921,	204,	1,	1990,	0,	\N
1922,	210,	3,	1989,	1,	\N
1923,	210,	3,	1989,	2,	\N
1924,	210,	3,	1989,	3,	\N
1925,	213,	3,	1989,	0,	\N
1926,	90,	3,	1989,	1,	\N
1927,	90,	3,	1989,	2,	\N
1928,	96,	3,	1989,	1,	\N
1929,	96,	3,	1989,	2,	\N
1930,	97,	3,	1989,	0,	\N
1931,	98,	3,	1989,	0,	\N
1932,	99,	3,	1989,	0,	\N
1933,	101,	3,	1989,	0,	\N
1934,	102,	3,	1989,	0,	\N
1935,	104,	3,	1989,	0,	\N
1936,	106,	3,	1989,	0,	\N
1937,	108,	3,	1989,	1,	\N
1938,	108,	3,	1989,	2,	\N
1939,	109,	3,	1989,	0,	\N
1940,	114,	3,	1989,	1,	\N
1941,	114,	3,	1989,	2,	\N
1942,	115,	3,	1989,	1,	\N
1943,	115,	3,	1989,	2,	\N
1944,	116,	3,	1989,	0,	\N
1945,	117,	3,	1989,	0,	\N
1946,	254,	3,	1989,	0,	\N
1947,	120,	3,	1989,	0,	\N
1948,	123,	3,	1989,	0,	\N
1949,	131,	3,	1989,	0,	\N
1950,	137,	3,	1989,	1,	\N
1951,	137,	3,	1989,	2,	\N
1952,	139,	3,	1989,	0,	\N
1953,	145,	3,	1989,	0,	\N
1954,	152,	3,	1989,	0,	\N
1955,	157,	3,	1989,	0,	\N
1956,	161,	3,	1989,	0,	\N
1957,	164,	3,	1989,	0,	\N
1958,	166,	3,	1989,	0,	\N
1959,	169,	3,	1989,	0,	\N
1960,	171,	3,	1989,	0,	\N
1961,	173,	3,	1989,	0,	\N
1962,	178,	3,	1989,	0,	\N
1963,	180,	3,	1989,	0,	\N
1964,	187,	3,	1989,	0,	\N
1965,	194,	3,	1989,	0,	\N
1966,	192,	3,	1989,	0,	\N
1967,	199,	3,	1989,	0,	\N
1968,	71,	3,	1989,	0,	\N
1969,	72,	3,	1989,	0,	\N
1970,	73,	3,	1989,	0,	\N
1971,	253,	3,	1989,	0,	\N
1972,	1,	3,	1989,	0,	\N
1973,	2,	3,	1989,	1,	\N
1974,	2,	3,	1989,	2,	\N
1975,	4,	3,	1989,	1,	\N
1976,	4,	3,	1989,	2,	\N
1977,	5,	3,	1989,	1,	\N
1978,	5,	3,	1989,	2,	\N
1979,	7,	3,	1989,	0,	\N
1980,	8,	3,	1989,	0,	\N
1981,	10,	3,	1989,	0,	\N
1982,	11,	3,	1989,	1,	\N
1983,	11,	3,	1989,	2,	\N
1984,	12,	3,	1989,	0,	\N
1985,	13,	3,	1989,	0,	\N
1986,	20,	3,	1989,	0,	\N
1987,	21,	3,	1989,	0,	\N
1988,	24,	3,	1989,	0,	\N
1989,	28,	3,	1989,	0,	\N
1990,	31,	3,	1989,	0,	\N
1991,	37,	3,	1989,	0,	\N
1992,	46,	3,	1989,	0,	\N
1993,	49,	3,	1989,	0,	\N
1994,	50,	3,	1989,	0,	\N
1995,	54,	3,	1989,	0,	\N
1996,	56,	3,	1989,	0,	\N
1997,	57,	3,	1989,	0,	\N
1998,	58,	3,	1989,	0,	\N
1999,	62,	3,	1989,	0,	\N
2000,	252,	1,	1989,	0,	\N
2001,	255,	1,	1989,	0,	\N
2002,	71,	1,	1989,	1,	\N
2003,	71,	1,	1989,	2,	\N
2004,	72,	1,	1989,	1,	\N
2005,	72,	1,	1989,	2,	\N
2006,	73,	1,	1989,	0,	\N
2007,	253,	1,	1989,	0,	\N
2008,	1,	1,	1989,	0,	\N
2009,	2,	1,	1989,	1,	\N
2010,	2,	1,	1989,	2,	\N
2011,	4,	1,	1989,	1,	\N
2012,	4,	1,	1989,	2,	\N
2013,	5,	1,	1989,	1,	\N
2014,	5,	1,	1989,	2,	\N
2015,	7,	1,	1989,	0,	\N
2016,	8,	1,	1989,	0,	\N
2017,	9,	1,	1989,	0,	\N
2018,	10,	1,	1989,	1,	\N
2019,	10,	1,	1989,	2,	\N
2020,	11,	1,	1989,	1,	\N
2021,	11,	1,	1989,	2,	\N
2022,	12,	1,	1989,	0,	\N
2023,	15,	1,	1989,	0,	\N
2024,	250,	1,	1989,	0,	\N
2025,	20,	1,	1989,	0,	\N
2026,	21,	1,	1989,	0,	\N
2027,	26,	1,	1989,	0,	\N
2028,	28,	1,	1989,	0,	\N
2029,	32,	1,	1989,	0,	\N
2030,	34,	1,	1989,	0,	\N
2031,	42,	1,	1989,	0,	\N
2032,	46,	1,	1989,	0,	\N
2033,	51,	1,	1989,	0,	\N
2034,	52,	1,	1989,	0,	\N
2035,	55,	1,	1989,	0,	\N
2036,	59,	1,	1989,	0,	\N
2037,	61,	1,	1989,	0,	\N
2038,	60,	1,	1989,	0,	\N
2039,	256,	1,	1989,	0,	\N
2040,	210,	1,	1989,	1,	\N
2041,	210,	1,	1989,	2,	\N
2042,	210,	1,	1989,	3,	\N
2043,	213,	1,	1989,	0,	\N
2044,	217,	1,	1989,	0,	\N
2045,	90,	1,	1989,	1,	\N
2046,	90,	1,	1989,	2,	\N
2047,	95,	1,	1989,	0,	\N
2048,	96,	1,	1989,	0,	\N
2049,	97,	1,	1989,	0,	\N
2050,	98,	1,	1989,	1,	\N
2051,	98,	1,	1989,	2,	\N
2052,	99,	1,	1989,	1,	\N
2053,	99,	1,	1989,	2,	\N
2054,	100,	1,	1989,	0,	\N
2055,	102,	1,	1989,	0,	\N
2056,	106,	1,	1989,	0,	\N
2057,	108,	1,	1989,	1,	\N
2058,	108,	1,	1989,	2,	\N
2059,	111,	1,	1989,	0,	\N
2060,	112,	1,	1989,	0,	\N
2061,	113,	1,	1989,	0,	\N
2062,	114,	1,	1989,	1,	\N
2063,	114,	1,	1989,	2,	\N
2064,	115,	1,	1989,	1,	\N
2065,	115,	1,	1989,	2,	\N
2066,	116,	1,	1989,	0,	\N
2067,	117,	1,	1989,	0,	\N
2068,	119,	1,	1989,	0,	\N
2069,	121,	1,	1989,	0,	\N
2070,	123,	1,	1989,	0,	\N
2071,	132,	1,	1989,	0,	\N
2072,	138,	1,	1989,	0,	\N
2073,	139,	1,	1989,	0,	\N
2074,	141,	1,	1989,	0,	\N
2075,	142,	1,	1989,	0,	\N
2076,	143,	1,	1989,	0,	\N
2077,	144,	1,	1989,	0,	\N
2078,	153,	1,	1989,	0,	\N
2079,	157,	1,	1989,	0,	\N
2080,	158,	1,	1989,	0,	\N
2081,	251,	1,	1989,	0,	\N
2082,	167,	1,	1989,	0,	\N
2083,	169,	1,	1989,	0,	\N
2084,	170,	1,	1989,	0,	\N
2085,	172,	1,	1989,	0,	\N
2086,	175,	1,	1989,	0,	\N
2087,	188,	1,	1989,	0,	\N
2088,	197,	1,	1989,	0,	\N
2089,	202,	1,	1989,	0,	\N
2090,	208,	1,	1989,	0,	\N
2091,	210,	3,	1988,	1,	\N
2092,	210,	3,	1988,	2,	\N
2093,	210,	3,	1988,	3,	\N
2094,	213,	3,	1988,	0,	\N
2095,	89,	3,	1988,	0,	\N
2096,	90,	3,	1988,	1,	\N
2097,	90,	3,	1988,	2,	\N
2098,	96,	3,	1988,	1,	\N
2099,	96,	3,	1988,	2,	\N
2100,	99,	3,	1988,	1,	\N
2101,	99,	3,	1988,	2,	\N
2102,	101,	3,	1988,	0,	\N
2103,	102,	3,	1988,	0,	\N
2104,	106,	3,	1988,	0,	\N
2105,	108,	3,	1988,	1,	\N
2106,	108,	3,	1988,	2,	\N
2107,	109,	3,	1988,	0,	\N
2108,	114,	3,	1988,	1,	\N
2109,	114,	3,	1988,	2,	\N
2110,	115,	3,	1988,	1,	\N
2111,	115,	3,	1988,	2,	\N
2112,	116,	3,	1988,	0,	\N
2113,	117,	3,	1988,	0,	\N
2114,	120,	3,	1988,	0,	\N
2115,	122,	3,	1988,	0,	\N
2116,	8,	3,	1988,	0,	\N
2117,	127,	3,	1988,	0,	\N
2118,	258,	3,	1988,	0,	\N
2119,	131,	3,	1988,	0,	\N
2120,	133,	3,	1988,	0,	\N
2121,	134,	3,	1988,	0,	\N
2122,	137,	3,	1988,	1,	\N
2123,	137,	3,	1988,	2,	\N
2124,	148,	3,	1988,	0,	\N
2125,	161,	3,	1988,	0,	\N
2126,	164,	3,	1988,	0,	\N
2127,	166,	3,	1988,	1,	\N
2128,	166,	3,	1988,	2,	\N
2129,	169,	3,	1988,	0,	\N
2130,	179,	3,	1988,	0,	\N
2131,	186,	3,	1988,	0,	\N
2132,	187,	3,	1988,	0,	\N
2133,	193,	3,	1988,	0,	\N
2134,	192,	3,	1988,	0,	\N
2135,	200,	3,	1988,	0,	\N
2136,	252,	3,	1988,	0,	\N
2137,	259,	3,	1988,	0,	\N
2138,	255,	3,	1988,	0,	\N
2139,	71,	3,	1988,	1,	\N
2140,	71,	3,	1988,	2,	\N
2141,	72,	3,	1988,	1,	\N
2142,	72,	3,	1988,	2,	\N
2143,	73,	3,	1988,	1,	\N
2144,	73,	3,	1988,	2,	\N
2145,	253,	3,	1988,	0,	\N
2146,	1,	3,	1988,	1,	\N
2147,	1,	3,	1988,	2,	\N
2148,	2,	3,	1988,	0,	\N
2149,	4,	3,	1988,	0,	\N
2150,	5,	3,	1988,	1,	\N
2151,	5,	3,	1988,	2,	\N
2152,	7,	3,	1988,	1,	\N
2153,	7,	3,	1988,	2,	\N
2154,	10,	3,	1988,	2,	\N
2155,	11,	3,	1988,	0,	\N
2156,	12,	3,	1988,	0,	\N
2157,	13,	3,	1988,	0,	\N
2158,	20,	3,	1988,	0,	\N
2159,	21,	3,	1988,	0,	\N
2160,	25,	3,	1988,	0,	\N
2161,	28,	3,	1988,	0,	\N
2162,	37,	3,	1988,	0,	\N
2163,	38,	3,	1988,	0,	\N
2164,	45,	3,	1988,	0,	\N
2165,	47,	3,	1988,	0,	\N
2166,	48,	3,	1988,	0,	\N
2167,	49,	3,	1988,	0,	\N
2168,	50,	3,	1988,	0,	\N
2169,	54,	3,	1988,	0,	\N
2170,	58,	3,	1988,	0,	\N
2171,	214,	1,	2002,	0,	\N
2172,	214,	3,	1996,	0,	\N
2174,	1,	1,	2003,	0,	\N
2175,	2,	1,	2003,	0,	\N
2176,	3,	1,	2003,	0,	\N
2177,	4,	1,	2003,	0,	\N
2178,	5,	1,	2003,	0,	\N
2179,	6,	1,	2003,	0,	\N
2180,	7,	1,	2003,	0,	\N
2181,	8,	1,	2003,	0,	\N
2182,	9,	1,	2003,	0,	\N
2183,	228,	1,	2003,	0,	\N
2184,	10,	1,	2003,	0,	\N
2185,	11,	1,	2003,	0,	\N
2186,	12,	1,	2003,	0,	\N
2187,	14,	1,	2003,	0,	\N
2188,	21,	1,	2003,	0,	\N
2189,	27,	1,	2003,	0,	\N
2190,	33,	1,	2003,	0,	\N
2191,	36,	1,	2003,	0,	\N
2192,	37,	1,	2003,	0,	\N
2193,	39,	1,	2003,	0,	\N
2194,	40,	1,	2003,	0,	\N
2195,	232,	1,	2003,	0,	\N
2196,	261,	1,	2003,	0,	\N
2200,	62,	1,	2003,	2,	\N
2199,	62,	1,	2003,	1,	\N
2201,	62,	1,	2003,	3,	\N
2202,	62,	1,	2003,	5,	\N
2203,	62,	1,	2003,	7,	\N
2204,	62,	1,	2003,	8,	\N
2205,	62,	1,	2003,	9,	\N
2206,	221,	1,	2003,	0,	\N
2207,	64,	1,	2003,	0,	\N
2208,	262,	1,	2003,	0,	\N
2209,	63,	1,	2003,	0,	\N
2210,	74,	1,	2003,	0,	\N
2211,	75,	1,	2003,	0,	\N
2212,	76,	1,	2003,	0,	\N
2213,	77,	1,	2003,	0,	\N
2214,	89,	1,	2003,	0,	\N
2215,	91,	1,	2003,	0,	\N
2216,	222,	1,	2003,	0,	\N
2217,	98,	1,	2003,	0,	\N
2218,	229,	1,	2003,	0,	\N
2219,	99,	1,	2003,	0,	\N
2220,	100,	1,	2003,	0,	\N
2221,	101,	1,	2003,	1,	\N
2222,	101,	1,	2003,	2,	\N
2223,	105,	1,	2003,	0,	\N
2224,	107,	1,	2003,	0,	\N
2225,	108,	1,	2003,	0,	\N
2226,	114,	1,	2003,	0,	\N
2227,	117,	1,	2003,	0,	\N
2228,	119,	1,	2003,	0,	\N
2229,	121,	1,	2003,	0,	\N
2230,	125,	1,	2003,	0,	\N
2231,	88,	1,	2003,	0,	\N
2232,	130,	1,	2003,	0,	\N
2233,	134,	1,	2003,	0,	\N
2234,	135,	1,	2003,	0,	\N
2235,	231,	1,	2003,	0,	\N
2236,	138,	1,	2003,	0,	\N
2237,	141,	1,	2003,	1,	\N
2238,	141,	1,	2003,	2,	\N
2239,	143,	1,	2003,	0,	\N
2240,	144,	1,	2003,	0,	\N
2241,	145,	1,	2003,	0,	\N
2242,	146,	1,	2003,	0,	\N
2243,	147,	1,	2003,	0,	\N
2244,	156,	1,	2003,	0,	\N
2245,	157,	1,	2003,	0,	\N
2246,	158,	1,	2003,	0,	\N
2247,	159,	1,	2003,	0,	\N
2248,	165,	1,	2003,	0,	\N
2249,	169,	1,	2003,	0,	\N
2250,	170,	1,	2003,	1,	\N
2251,	170,	1,	2003,	2,	\N
2252,	172,	1,	2003,	0,	\N
2253,	168,	1,	2003,	0,	\N
2254,	179,	1,	2003,	1,	\N
2255,	179,	1,	2003,	2,	\N
2256,	182,	1,	2003,	0,	\N
2257,	185,	1,	2003,	0,	\N
2258,	207,	1,	2003,	0,	\N
2259,	210,	1,	2003,	0,	\N
2260,	213,	1,	2003,	0,	\N
2295,	10,	3,	2003,	0,	\N
2294,	9,	3,	2003,	0,	\N
2293,	8,	3,	2003,	0,	\N
2292,	7,	3,	2003,	0,	\N
2291,	6,	3,	2003,	0,	\N
2290,	5,	3,	2003,	0,	\N
2289,	4,	3,	2003,	0,	\N
2288,	3,	3,	2003,	0,	\N
2269,	115,	1,	2003,	1,	\N
2270,	115,	1,	2003,	2,	\N
2287,	2,	3,	2003,	0,	\N
2286,	1,	3,	2003,	0,	\N
2285,	25,	1,	2002,	0,	\N
2305,	62,	3,	2003,	10,	\N
2304,	50,	3,	2003,	0,	\N
2303,	219,	3,	2003,	0,	\N
2302,	46,	3,	2003,	0,	\N
2301,	31,	3,	2003,	0,	\N
2300,	29,	3,	2003,	0,	\N
2299,	21,	3,	2003,	0,	\N
2298,	263,	3,	2003,	0,	\N
2297,	12,	3,	2003,	0,	\N
2296,	11,	3,	2003,	0,	\N
2306,	62,	3,	2003,	11,	\N
2307,	62,	3,	2003,	1,	\N
2308,	62,	3,	2003,	2,	\N
2309,	62,	3,	2003,	3,	\N
2310,	62,	3,	2003,	4,	\N
2311,	62,	3,	2003,	5,	\N
2312,	62,	3,	2003,	7,	\N
2313,	62,	3,	2003,	8,	\N
2314,	62,	3,	2003,	9,	\N
2315,	63,	3,	2003,	0,	\N
2316,	74,	3,	2003,	0,	\N
2317,	75,	3,	2003,	0,	\N
2318,	76,	3,	2003,	0,	\N
2319,	77,	3,	2003,	0,	\N
2320,	47,	3,	2003,	0,	\N
2321,	89,	3,	2003,	0,	\N
2322,	91,	3,	2003,	0,	\N
2323,	222,	3,	2003,	0,	\N
2324,	99,	3,	2003,	0,	\N
2325,	101,	3,	2003,	0,	\N
2326,	102,	3,	2003,	0,	\N
2327,	105,	3,	2003,	0,	\N
2328,	106,	3,	2003,	0,	\N
2329,	108,	3,	2003,	0,	\N
2330,	114,	3,	2003,	0,	\N
2331,	115,	3,	2003,	0,	\N
2332,	116,	3,	2003,	0,	\N
2333,	117,	3,	2003,	0,	\N
2334,	120,	3,	2003,	0,	\N
2335,	224,	3,	2003,	0,	\N
2336,	130,	3,	2003,	0,	\N
2337,	139,	3,	2003,	0,	\N
2338,	149,	3,	2003,	0,	\N
2339,	154,	3,	2003,	0,	\N
2340,	160,	3,	2003,	0,	\N
2341,	162,	3,	2003,	0,	\N
2342,	164,	3,	2003,	0,	\N
2343,	174,	3,	2003,	2,	\N
2344,	226,	3,	2003,	1,	\N
2345,	226,	3,	2003,	2,	\N
2346,	227,	3,	2003,	0,	\N
2347,	178,	3,	2003,	0,	\N
2348,	180,	3,	2003,	0,	\N
2349,	185,	3,	2003,	0,	\N
2350,	197,	3,	2003,	0,	\N
2351,	210,	3,	2003,	0,	\N
2352,	213,	3,	2003,	0,	\N
2353,	104,	3,	2003,	0,	\N
2354,	174,	3,	2003,	1,	\N
2355,	1,	1,	2004,	0,	\N
2356,	2,	1,	2004,	0,	\N
2357,	3,	1,	2004,	0,	\N
2358,	4,	1,	2004,	0,	\N
2359,	5,	1,	2004,	0,	\N
2360,	6,	1,	2004,	0,	\N
2361,	7,	1,	2004,	0,	\N
2362,	8,	1,	2004,	0,	\N
2363,	9,	1,	2004,	0,	\N
2364,	228,	1,	2004,	0,	\N
2365,	10,	1,	2004,	0,	\N
2366,	11,	1,	2004,	0,	\N
2367,	12,	1,	2004,	0,	\N
2368,	14,	1,	2004,	0,	\N
2369,	30,	1,	2004,	0,	\N
2370,	35,	1,	2004,	0,	\N
2371,	36,	1,	2004,	0,	\N
2372,	37,	1,	2004,	0,	\N
2373,	42,	1,	2004,	0,	\N
2374,	232,	1,	2004,	0,	\N
2375,	48,	1,	2004,	0,	\N
2376,	54,	1,	2004,	0,	\N
2377,	62,	1,	2004,	2,	\N
2378,	62,	1,	2004,	3,	\N
2379,	62,	1,	2004,	4,	\N
2380,	62,	1,	2004,	6,	\N
2381,	62,	1,	2004,	7,	\N
2382,	221,	1,	2004,	0,	\N
2383,	64,	1,	2004,	0,	\N
2384,	262,	1,	2004,	0,	\N
2385,	63,	1,	2004,	0,	\N
2386,	74,	1,	2004,	0,	\N
2387,	75,	1,	2004,	0,	\N
2388,	76,	1,	2004,	0,	\N
2389,	77,	1,	2004,	0,	\N
2390,	89,	1,	2004,	0,	\N
2391,	91,	1,	2004,	0,	\N
2392,	222,	1,	2004,	0,	\N
2393,	98,	1,	2004,	0,	\N
2394,	229,	1,	2004,	0,	\N
2395,	99,	1,	2004,	0,	\N
2396,	100,	1,	2004,	0,	\N
2397,	101,	1,	2004,	0,	\N
2398,	105,	1,	2004,	0,	\N
2399,	107,	1,	2004,	0,	\N
2400,	108,	1,	2004,	0,	\N
2401,	114,	1,	2004,	0,	\N
2402,	115,	1,	2004,	0,	\N
2403,	117,	1,	2004,	0,	\N
2404,	119,	1,	2004,	0,	\N
2405,	121,	1,	2004,	0,	\N
2406,	125,	1,	2004,	0,	\N
2407,	130,	1,	2004,	0,	\N
2408,	230,	1,	2004,	0,	\N
2409,	134,	1,	2004,	0,	\N
2410,	141,	1,	2004,	0,	\N
2411,	264,	1,	2004,	0,	\N
2412,	144,	1,	2004,	0,	\N
2413,	152,	1,	2004,	0,	\N
2414,	156,	1,	2004,	0,	\N
2415,	157,	1,	2004,	0,	\N
2416,	158,	1,	2004,	0,	\N
2417,	169,	1,	2004,	0,	\N
2418,	170,	1,	2004,	0,	\N
2419,	171,	1,	2004,	0,	\N
2420,	172,	1,	2004,	0,	\N
2421,	175,	1,	2004,	0,	\N
2422,	178,	1,	2004,	0,	\N
2423,	180,	1,	2004,	0,	\N
2424,	183,	1,	2004,	0,	\N
2425,	191,	1,	2004,	0,	\N
2426,	192,	1,	2004,	0,	\N
2427,	197,	1,	2004,	0,	\N
2428,	210,	1,	2004,	0,	\N
2429,	213,	1,	2004,	0,	\N
2430,	179,	1,	2004,	0,	\N
2431,	214,	1,	2004,	0,	\N
2432,	1,	3,	2004,	0,	\N
2433,	2,	3,	2004,	0,	\N
2434,	3,	3,	2004,	0,	\N
2435,	4,	3,	2004,	0,	\N
2436,	5,	3,	2004,	0,	\N
2437,	6,	3,	2004,	0,	\N
2438,	7,	3,	2004,	0,	\N
2439,	8,	3,	2004,	0,	\N
2440,	9,	3,	2004,	0,	\N
2441,	10,	3,	2004,	0,	\N
2442,	11,	3,	2004,	0,	\N
2443,	12,	3,	2004,	0,	\N
2444,	218,	3,	2004,	0,	\N
2445,	29,	3,	2004,	0,	\N
2446,	44,	3,	2004,	0,	\N
2447,	219,	3,	2004,	0,	\N
2448,	50,	3,	2004,	0,	\N
2449,	55,	3,	2004,	0,	\N
2450,	62,	3,	2004,	2,	\N
2451,	62,	3,	2004,	3,	\N
2452,	62,	3,	2004,	4,	\N
2453,	62,	3,	2004,	5,	\N
2454,	62,	3,	2004,	6,	\N
2455,	221,	3,	2004,	0,	\N
2456,	270,	3,	2004,	0,	\N
2457,	69,	3,	2004,	0,	\N
2458,	63,	3,	2004,	0,	\N
2459,	74,	3,	2004,	0,	\N
2460,	272,	3,	2004,	0,	\N
2461,	76,	3,	2004,	0,	\N
2462,	75,	3,	2004,	0,	\N
2463,	77,	3,	2004,	0,	\N
2464,	89,	3,	2004,	0,	\N
2465,	91,	3,	2004,	0,	\N
2466,	222,	3,	2004,	0,	\N
2467,	99,	3,	2004,	0,	\N
2468,	101,	3,	2004,	0,	\N
2469,	102,	3,	2004,	0,	\N
2470,	104,	3,	2004,	0,	\N
2471,	105,	3,	2004,	0,	\N
2472,	106,	3,	2004,	0,	\N
2473,	108,	3,	2004,	0,	\N
2474,	114,	3,	2004,	0,	\N
2475,	115,	3,	2004,	0,	\N
2476,	116,	3,	2004,	0,	\N
2477,	117,	3,	2004,	0,	\N
2478,	120,	3,	2004,	0,	\N
2479,	130,	3,	2004,	0,	\N
2480,	224,	3,	2004,	0,	\N
2481,	139,	3,	2004,	0,	\N
2482,	149,	3,	2004,	0,	\N
2483,	151,	3,	2004,	0,	\N
2484,	154,	3,	2004,	0,	\N
2485,	162,	3,	2004,	0,	\N
2486,	173,	3,	2004,	0,	\N
2487,	226,	3,	2004,	0,	\N
2488,	181,	3,	2004,	0,	\N
2489,	183,	3,	2004,	0,	\N
2490,	191,	3,	2004,	0,	\N
2491,	196,	3,	2004,	0,	\N
2492,	210,	3,	2004,	0,	\N
2493,	213,	3,	2004,	0,	\N
2494,	227,	3,	2004,	0,	\N
2496,	96,	3,	2004,	0,	\N
2498,	89,	1,	2005,	0,	\N
2499,	91,	1,	2005,	0,	\N
2500,	222,	1,	2005,	0,	\N
2501,	99,	1,	2005,	0,	\N
2502,	100,	1,	2005,	0,	\N
2503,	101,	1,	2005,	0,	\N
2504,	105,	1,	2005,	0,	\N
2505,	108,	1,	2005,	0,	\N
2506,	114,	1,	2005,	0,	\N
2507,	115,	1,	2005,	0,	\N
2508,	117,	1,	2005,	0,	\N
2509,	119,	1,	2005,	0,	\N
2510,	121,	1,	2005,	0,	\N
2511,	125,	1,	2005,	0,	\N
2512,	130,	1,	2005,	0,	\N
2513,	135,	1,	2005,	0,	\N
2514,	231,	1,	2005,	0,	\N
2515,	141,	1,	2005,	0,	\N
2516,	143,	1,	2005,	0,	\N
2517,	144,	1,	2005,	0,	\N
2518,	147,	1,	2005,	0,	\N
2519,	274,	1,	2005,	0,	\N
2520,	157,	1,	2005,	0,	\N
2521,	158,	1,	2005,	0,	\N
2522,	165,	1,	2005,	0,	\N
2523,	169,	1,	2005,	0,	\N
2524,	170,	1,	2005,	0,	\N
2525,	172,	1,	2005,	0,	\N
2526,	174,	1,	2005,	0,	\N
2527,	175,	1,	2005,	0,	\N
2528,	178,	1,	2005,	0,	\N
2529,	182,	1,	2005,	0,	\N
2530,	201,	1,	2005,	0,	\N
2531,	207,	1,	2005,	0,	\N
2532,	210,	1,	2005,	0,	\N
2533,	213,	1,	2005,	0,	\N
2534,	214,	1,	2005,	0,	\N
2535,	285,	1,	2005,	0,	\N
2536,	1,	1,	2005,	0,	\N
2537,	2,	1,	2005,	0,	\N
2538,	3,	1,	2005,	0,	\N
2539,	4,	1,	2005,	0,	\N
2540,	5,	1,	2005,	0,	\N
2541,	6,	1,	2005,	0,	\N
2542,	7,	1,	2005,	0,	\N
2543,	8,	1,	2005,	0,	\N
2544,	9,	1,	2005,	0,	\N
2545,	10,	1,	2005,	0,	\N
2546,	11,	1,	2005,	0,	\N
2547,	12,	1,	2005,	0,	\N
2548,	281,	1,	2005,	0,	\N
2549,	21,	1,	2005,	0,	\N
2550,	32,	1,	2005,	0,	\N
2551,	36,	1,	2005,	0,	\N
2552,	37,	1,	2005,	0,	\N
2553,	39,	1,	2005,	0,	\N
2554,	40,	1,	2005,	0,	\N
2555,	54,	1,	2005,	0,	\N
2556,	62,	1,	2005,	1,	\N
2557,	62,	1,	2005,	4,	\N
2558,	62,	1,	2005,	7,	\N
2559,	221,	1,	2005,	0,	\N
2560,	64,	1,	2005,	0,	\N
2561,	262,	1,	2005,	0,	\N
2562,	69,	1,	2005,	0,	\N
2563,	63,	1,	2005,	0,	\N
2564,	74,	1,	2005,	0,	\N
2565,	75,	1,	2005,	0,	\N
2566,	76,	1,	2005,	0,	\N
2567,	77,	1,	2005,	0,	\N
2568,	228,	1,	2005,	0,	\N
2569,	263,	1,	2005,	0,	\N
2570,	14,	1,	2005,	0,	\N
2571,	35,	1,	2005,	0,	\N
2572,	46,	1,	2005,	0,	\N
2573,	151,	1,	2003,	0,	\N
2574,	1,	3,	2005,	0,	\N
2575,	2,	3,	2005,	0,	\N
2576,	3,	3,	2005,	0,	\N
2577,	4,	3,	2005,	0,	\N
2578,	5,	3,	2005,	0,	\N
2579,	6,	3,	2005,	0,	\N
2580,	7,	3,	2005,	0,	\N
2581,	8,	3,	2005,	0,	\N
2582,	9,	3,	2005,	0,	\N
2583,	10,	3,	2005,	0,	\N
2584,	11,	3,	2005,	0,	\N
2585,	12,	3,	2005,	0,	\N
2586,	281,	3,	2005,	0,	\N
2587,	14,	3,	2005,	0,	\N
2588,	29,	3,	2005,	0,	\N
2589,	31,	3,	2005,	0,	\N
2590,	38,	3,	2005,	0,	\N
2591,	62,	3,	2005,	1,	\N
2592,	62,	3,	2005,	3,	\N
2593,	62,	3,	2005,	4,	\N
2594,	62,	3,	2005,	5,	\N
2595,	62,	3,	2005,	8,	\N
2596,	62,	3,	2005,	9,	\N
2597,	221,	3,	2005,	0,	\N
2598,	64,	3,	2005,	0,	\N
2599,	63,	3,	2005,	0,	\N
2600,	74,	3,	2005,	0,	\N
2601,	272,	3,	2005,	0,	\N
2602,	76,	3,	2005,	0,	\N
2603,	77,	3,	2005,	0,	\N
2604,	219,	3,	2005,	0,	\N
2605,	74,	2,	2005,	0,	\N
2606,	75,	2,	2005,	0,	\N
2607,	76,	2,	2005,	0,	\N
2608,	63,	2,	2005,	0,	\N
2609,	91,	3,	2005,	0,	\N
2610,	222,	3,	2005,	0,	\N
2611,	229,	3,	2005,	0,	\N
2612,	99,	3,	2005,	0,	\N
2613,	101,	3,	2005,	0,	\N
2614,	102,	3,	2005,	0,	\N
2615,	104,	3,	2005,	0,	\N
2616,	105,	3,	2005,	0,	\N
2617,	106,	3,	2005,	0,	\N
2618,	108,	3,	2005,	0,	\N
2619,	114,	3,	2005,	0,	\N
2620,	115,	3,	2005,	0,	\N
2621,	116,	3,	2005,	0,	\N
2622,	117,	3,	2005,	0,	\N
2623,	120,	3,	2005,	0,	\N
2624,	130,	3,	2005,	0,	\N
2625,	230,	3,	2005,	0,	\N
2626,	139,	3,	2005,	0,	\N
2627,	149,	3,	2005,	0,	\N
2628,	151,	3,	2005,	0,	\N
2629,	159,	3,	2005,	0,	\N
2630,	250,	3,	2005,	0,	\N
2631,	173,	3,	2005,	0,	\N
2632,	226,	3,	2005,	0,	\N
2633,	180,	3,	2005,	0,	\N
2634,	185,	3,	2005,	0,	\N
2635,	210,	3,	2005,	0,	\N
2636,	213,	3,	2005,	0,	\N
2637,	89,	3,	2005,	0,	\N
2638,	89,	2,	2005,	0,	\N
2639,	210,	2,	2005,	0,	\N
2640,	89,	1,	2006,	0,	\N
2641,	91,	1,	2006,	0,	\N
2642,	99,	1,	2006,	0,	\N
2643,	100,	1,	2006,	0,	\N
2644,	101,	1,	2006,	0,	\N
2645,	102,	1,	2006,	0,	\N
2646,	105,	1,	2006,	0,	\N
2647,	107,	1,	2006,	0,	\N
2648,	108,	1,	2006,	0,	\N
2649,	114,	1,	2006,	0,	\N
2650,	115,	1,	2006,	0,	\N
2651,	117,	1,	2006,	0,	\N
2652,	121,	1,	2006,	0,	\N
2653,	125,	1,	2006,	0,	\N
2654,	130,	1,	2006,	0,	\N
2655,	135,	1,	2006,	0,	\N
2656,	242,	1,	2006,	0,	\N
2657,	231,	1,	2006,	0,	\N
2658,	234,	1,	2006,	0,	\N
2659,	141,	1,	2006,	0,	\N
2660,	264,	1,	2006,	0,	\N
2661,	144,	1,	2006,	0,	\N
2662,	145,	1,	2006,	0,	\N
2663,	154,	1,	2006,	0,	\N
2664,	273,	1,	2006,	0,	\N
2665,	157,	1,	2006,	0,	\N
2666,	158,	1,	2006,	0,	\N
2667,	160,	1,	2006,	0,	\N
2668,	169,	1,	2006,	0,	\N
2669,	170,	1,	2006,	0,	\N
2670,	172,	1,	2006,	0,	\N
2671,	168,	1,	2006,	0,	\N
2672,	180,	1,	2006,	0,	\N
2673,	193,	1,	2006,	0,	\N
2674,	210,	1,	2006,	0,	\N
2675,	213,	1,	2006,	0,	\N
2676,	1,	1,	2006,	0,	\N
2677,	3,	1,	2006,	0,	\N
2678,	4,	1,	2006,	0,	\N
2679,	5,	1,	2006,	0,	\N
2680,	6,	1,	2006,	0,	\N
2681,	7,	1,	2006,	0,	\N
2682,	9,	1,	2006,	0,	\N
2683,	10,	1,	2006,	0,	\N
2684,	11,	1,	2006,	0,	\N
2685,	12,	1,	2006,	0,	\N
2686,	21,	1,	2006,	0,	\N
2687,	30,	1,	2006,	0,	\N
2688,	35,	1,	2006,	0,	\N
2689,	36,	1,	2006,	0,	\N
2690,	37,	1,	2006,	0,	\N
2691,	42,	1,	2006,	0,	\N
2692,	232,	1,	2006,	0,	\N
2693,	48,	1,	2006,	0,	\N
2694,	51,	1,	2006,	0,	\N
2695,	62,	1,	2006,	10,	\N
2696,	62,	1,	2006,	1,	\N
2697,	62,	1,	2006,	2,	\N
2698,	62,	1,	2006,	5,	\N
2699,	62,	1,	2006,	8,	\N
2700,	62,	1,	2006,	9,	\N
2701,	221,	1,	2006,	0,	\N
2702,	270,	1,	2006,	0,	\N
2703,	271,	1,	2006,	0,	\N
2704,	74,	1,	2006,	0,	\N
2705,	75,	1,	2006,	0,	\N
2706,	76,	1,	2006,	0,	\N
2707,	77,	1,	2006,	0,	\N
2708,	228,	1,	2006,	0,	\N
2709,	1,	3,	2006,	0,	\N
2710,	2,	3,	2006,	0,	\N
2711,	3,	3,	2006,	0,	\N
2712,	4,	3,	2006,	0,	\N
2713,	5,	3,	2006,	0,	\N
2714,	6,	3,	2006,	0,	\N
2715,	7,	3,	2006,	0,	\N
2716,	8,	3,	2006,	0,	\N
2717,	10,	3,	2006,	0,	\N
2718,	11,	3,	2006,	0,	\N
2719,	12,	3,	2006,	0,	\N
2720,	281,	3,	2006,	0,	\N
2721,	14,	3,	2006,	0,	\N
2722,	27,	3,	2006,	0,	\N
2723,	29,	3,	2006,	0,	\N
2724,	39,	3,	2006,	0,	\N
2725,	40,	3,	2006,	0,	\N
2726,	50,	3,	2006,	0,	\N
2727,	62,	3,	2006,	1,	\N
2728,	62,	3,	2006,	2,	\N
2729,	62,	3,	2006,	6,	\N
2730,	62,	3,	2006,	7,	\N
2731,	62,	3,	2006,	8,	\N
2732,	221,	3,	2006,	0,	\N
2733,	69,	3,	2006,	0,	\N
2734,	271,	3,	2006,	0,	\N
2735,	74,	3,	2006,	0,	\N
2736,	75,	3,	2006,	0,	\N
2737,	76,	3,	2006,	0,	\N
2738,	77,	3,	2006,	0,	\N
2739,	101,	3,	2006,	0,	\N
2740,	89,	3,	2006,	0,	\N
2741,	91,	3,	2006,	0,	\N
2742,	222,	3,	2006,	0,	\N
2743,	229,	3,	2006,	0,	\N
2744,	99,	3,	2006,	0,	\N
2745,	102,	3,	2006,	0,	\N
2746,	105,	3,	2006,	0,	\N
2747,	106,	3,	2006,	0,	\N
2748,	107,	3,	2006,	0,	\N
2749,	108,	3,	2006,	0,	\N
2750,	114,	3,	2006,	0,	\N
2751,	115,	3,	2006,	0,	\N
2752,	116,	3,	2006,	0,	\N
2753,	117,	3,	2006,	0,	\N
2754,	130,	3,	2006,	0,	\N
2755,	224,	3,	2006,	0,	\N
2756,	139,	3,	2006,	0,	\N
2757,	149,	3,	2006,	0,	\N
2758,	210,	3,	2006,	0,	\N
2759,	213,	3,	2006,	0,	\N
2760,	119,	3,	2006,	0,	\N
2761,	1,	1,	2007,	0,	\N
2762,	3,	1,	2007,	0,	\N
2763,	4,	1,	2007,	0,	\N
2764,	5,	1,	2007,	0,	\N
2765,	6,	1,	2007,	0,	\N
2766,	7,	1,	2007,	0,	\N
2767,	8,	1,	2007,	0,	\N
2768,	9,	1,	2007,	0,	\N
2769,	228,	1,	2007,	0,	\N
2770,	10,	1,	2007,	0,	\N
2771,	12,	1,	2007,	0,	\N
2772,	281,	1,	2007,	0,	\N
2773,	20,	1,	2007,	0,	\N
2774,	21,	1,	2007,	0,	\N
2775,	31,	1,	2007,	0,	\N
2776,	35,	1,	2007,	0,	\N
2777,	36,	1,	2007,	0,	\N
2778,	37,	1,	2007,	0,	\N
2779,	47,	1,	2007,	0,	\N
2780,	52,	1,	2007,	0,	\N
2781,	62,	1,	2007,	1,	\N
2782,	62,	1,	2007,	2,	\N
2783,	62,	1,	2007,	3,	\N
2784,	62,	1,	2007,	4,	\N
2785,	62,	1,	2007,	5,	\N
2786,	62,	1,	2007,	7,	\N
2787,	221,	1,	2007,	0,	\N
2788,	64,	1,	2007,	0,	\N
2789,	69,	1,	2007,	0,	\N
2790,	262,	1,	2007,	0,	\N
2791,	271,	1,	2007,	0,	\N
2792,	74,	1,	2007,	0,	\N
2793,	272,	1,	2007,	0,	\N
2794,	76,	1,	2007,	0,	\N
2795,	77,	1,	2007,	0,	\N
2796,	11,	1,	2007,	0,	\N
2797,	89,	1,	2007,	0,	\N
2798,	91,	1,	2007,	0,	\N
2799,	222,	1,	2007,	0,	\N
2800,	99,	1,	2007,	0,	\N
2801,	100,	1,	2007,	0,	\N
2802,	101,	1,	2007,	0,	\N
2803,	102,	1,	2007,	0,	\N
2804,	105,	1,	2007,	0,	\N
2805,	107,	1,	2007,	0,	\N
2806,	108,	1,	2007,	0,	\N
2807,	114,	1,	2007,	0,	\N
2808,	115,	1,	2007,	0,	\N
2809,	117,	1,	2007,	0,	\N
2810,	125,	1,	2007,	0,	\N
2811,	130,	1,	2007,	0,	\N
2812,	242,	1,	2007,	0,	\N
2813,	231,	1,	2007,	0,	\N
2814,	234,	1,	2007,	0,	\N
2815,	141,	1,	2007,	0,	\N
2816,	142,	1,	2007,	0,	\N
2817,	286,	1,	2007,	0,	\N
2818,	144,	1,	2007,	0,	\N
2819,	145,	1,	2007,	0,	\N
2820,	147,	1,	2007,	0,	\N
2821,	152,	1,	2007,	0,	\N
2822,	273,	1,	2007,	0,	\N
2823,	157,	1,	2007,	0,	\N
2824,	158,	1,	2007,	0,	\N
2825,	250,	1,	2007,	0,	\N
2826,	165,	1,	2007,	0,	\N
2827,	169,	1,	2007,	0,	\N
2828,	171,	1,	2007,	0,	\N
2829,	172,	1,	2007,	0,	\N
2830,	174,	1,	2007,	0,	\N
2831,	168,	1,	2007,	0,	\N
2832,	182,	1,	2007,	0,	\N
2833,	183,	1,	2007,	0,	\N
2834,	191,	1,	2007,	0,	\N
2835,	196,	1,	2007,	0,	\N
2836,	287,	1,	2007,	0,	\N
2837,	288,	1,	2007,	0,	\N
2838,	210,	1,	2007,	0,	\N
2839,	213,	1,	2007,	0,	\N
2840,	143,	1,	2007,	0,	\N
2841,	175,	1,	2007,	0,	\N
2842,	159,	3,	2006,	0,	\N
2843,	226,	3,	2006,	0,	\N
2844,	227,	3,	2006,	0,	\N
2845,	193,	3,	2006,	0,	\N
2846,	196,	3,	2006,	0,	\N
2847,	289,	3,	2006,	0,	\N
2848,	288,	3,	2006,	0,	\N
2849,	151,	3,	2006,	0,	\N
2850,	1,	3,	2007,	0,	\N
2851,	4,	3,	2007,	0,	\N
2852,	5,	3,	2007,	0,	\N
2853,	6,	3,	2007,	0,	\N
2854,	7,	3,	2007,	0,	\N
2855,	10,	3,	2007,	0,	\N
2856,	11,	3,	2007,	0,	\N
2857,	12,	3,	2007,	0,	\N
2858,	281,	3,	2007,	2,	\N
2859,	281,	3,	2007,	3,	\N
2860,	21,	3,	2007,	0,	\N
2861,	218,	3,	2007,	0,	\N
2862,	46,	3,	2007,	0,	\N
2863,	219,	3,	2007,	0,	\N
2864,	51,	3,	2007,	0,	\N
2865,	62,	3,	2007,	10,	\N
2866,	62,	3,	2007,	14,	\N
2867,	62,	3,	2007,	17,	\N
2868,	62,	3,	2007,	24,	\N
2869,	62,	3,	2007,	25,	\N
2870,	62,	3,	2007,	7,	\N
2871,	69,	3,	2007,	0,	\N
2872,	271,	3,	2007,	0,	\N
2873,	74,	3,	2007,	0,	\N
2874,	75,	3,	2007,	0,	\N
2875,	76,	3,	2007,	0,	\N
2876,	290,	3,	2007,	0,	\N
2877,	77,	3,	2007,	0,	\N
2878,	291,	3,	2007,	0,	\N
2879,	89,	3,	2007,	0,	\N
2880,	91,	3,	2007,	0,	\N
2881,	222,	3,	2007,	0,	\N
2882,	99,	3,	2007,	0,	\N
2883,	101,	3,	2007,	0,	\N
2884,	102,	3,	2007,	0,	\N
2885,	104,	3,	2007,	1,	\N
2886,	104,	3,	2007,	2,	\N
2887,	105,	3,	2007,	0,	\N
2888,	106,	3,	2007,	0,	\N
2889,	107,	3,	2007,	0,	\N
2890,	108,	3,	2007,	0,	\N
2891,	114,	3,	2007,	0,	\N
2892,	115,	3,	2007,	0,	\N
2893,	116,	3,	2007,	1,	\N
2894,	116,	3,	2007,	2,	\N
2895,	117,	3,	2007,	0,	\N
2896,	119,	3,	2007,	0,	\N
2897,	120,	3,	2007,	1,	\N
2898,	120,	3,	2007,	2,	\N
2899,	130,	3,	2007,	0,	\N
2900,	139,	3,	2007,	0,	\N
2901,	143,	3,	2007,	0,	\N
2902,	149,	3,	2007,	0,	\N
2903,	151,	3,	2007,	0,	\N
2904,	159,	3,	2007,	0,	\N
2905,	173,	3,	2007,	0,	\N
2906,	174,	3,	2007,	0,	\N
2907,	226,	3,	2007,	0,	\N
2908,	227,	3,	2007,	0,	\N
2909,	168,	3,	2007,	0,	\N
2910,	179,	3,	2007,	0,	\N
2911,	192,	3,	2007,	0,	\N
2912,	194,	3,	2007,	0,	\N
2913,	201,	3,	2007,	0,	\N
2914,	203,	3,	2007,	0,	\N
2915,	210,	3,	2007,	0,	\N
2916,	214,	3,	2007,	0,	\N
2917,	1,	1,	2008,	0,	\N
2918,	89,	1,	2008,	0,	\N
2919,	2,	1,	2008,	0,	\N
2920,	3,	1,	2008,	0,	\N
2921,	292,	1,	2008,	0,	\N
2922,	4,	1,	2008,	0,	\N
2923,	5,	1,	2008,	0,	\N
2924,	6,	1,	2008,	0,	\N
2925,	7,	1,	2008,	0,	\N
2926,	8,	1,	2008,	0,	\N
2927,	9,	1,	2008,	0,	\N
2928,	228,	1,	2008,	0,	\N
2929,	10,	1,	2008,	0,	\N
2930,	12,	1,	2008,	0,	\N
2931,	281,	1,	2008,	5,	\N
2932,	14,	1,	2008,	0,	\N
2933,	25,	1,	2008,	0,	\N
2934,	29,	1,	2008,	0,	\N
2935,	31,	1,	2008,	0,	\N
2936,	35,	1,	2008,	0,	\N
2937,	37,	1,	2008,	0,	\N
2938,	44,	1,	2008,	0,	\N
2939,	62,	1,	2008,	16,	\N
2940,	62,	1,	2008,	19,	\N
2941,	62,	1,	2008,	1,	\N
2942,	62,	1,	2008,	22,	\N
2943,	62,	1,	2008,	23,	\N
2944,	62,	1,	2008,	26,	\N
2945,	62,	1,	2008,	27,	\N
2946,	62,	1,	2008,	28,	\N
2947,	62,	1,	2008,	35,	\N
2948,	62,	1,	2008,	37,	\N
2949,	62,	1,	2008,	6,	\N
2950,	221,	1,	2008,	0,	\N
2951,	64,	1,	2008,	0,	\N
2952,	69,	1,	2008,	0,	\N
2953,	262,	1,	2008,	0,	\N
2954,	271,	1,	2008,	0,	\N
2955,	74,	1,	2008,	0,	\N
2956,	272,	1,	2008,	0,	\N
2957,	76,	1,	2008,	0,	\N
2958,	77,	1,	2008,	0,	\N
2959,	11,	1,	2008,	0,	\N
2960,	91,	1,	2008,	0,	\N
2961,	222,	1,	2008,	0,	\N
2962,	229,	1,	2008,	0,	\N
2963,	99,	1,	2008,	0,	\N
2964,	100,	1,	2008,	0,	\N
2965,	101,	1,	2008,	1,	\N
2966,	101,	1,	2008,	2,	\N
2967,	102,	1,	2008,	0,	\N
2968,	103,	1,	2008,	1,	\N
2969,	103,	1,	2008,	2,	\N
2970,	105,	1,	2008,	0,	\N
2971,	107,	1,	2008,	0,	\N
2972,	108,	1,	2008,	0,	\N
2973,	114,	1,	2008,	0,	\N
2974,	115,	1,	2008,	0,	\N
2975,	117,	1,	2008,	0,	\N
2976,	121,	1,	2008,	1,	\N
2977,	121,	1,	2008,	2,	\N
2978,	125,	1,	2008,	0,	\N
2979,	130,	1,	2008,	0,	\N
2980,	242,	1,	2008,	0,	\N
2981,	231,	1,	2008,	0,	\N
2982,	264,	1,	2008,	0,	\N
2983,	144,	1,	2008,	0,	\N
2984,	145,	1,	2008,	0,	\N
2985,	273,	1,	2008,	0,	\N
2986,	157,	1,	2008,	0,	\N
2987,	158,	1,	2008,	0,	\N
2988,	250,	1,	2008,	0,	\N
2989,	161,	1,	2008,	0,	\N
2990,	169,	1,	2008,	0,	\N
2991,	170,	1,	2008,	0,	\N
2992,	175,	1,	2008,	0,	\N
2993,	178,	1,	2008,	0,	\N
2994,	194,	1,	2008,	0,	\N
2995,	288,	1,	2008,	0,	\N
2996,	210,	1,	2008,	0,	\N
2997,	213,	1,	2008,	0,	\N
2998,	89,	3,	2008,	0,	\N
2999,	91,	3,	2008,	0,	\N
3000,	222,	3,	2008,	0,	\N
3001,	99,	3,	2008,	0,	\N
3002,	101,	3,	2008,	0,	\N
3003,	102,	3,	2008,	0,	\N
3004,	104,	3,	2008,	0,	\N
3005,	105,	3,	2008,	0,	\N
3006,	106,	3,	2008,	0,	\N
3007,	107,	3,	2008,	0,	\N
3008,	108,	3,	2008,	0,	\N
3009,	114,	3,	2008,	0,	\N
3010,	115,	3,	2008,	0,	\N
3011,	116,	3,	2008,	0,	\N
3012,	117,	3,	2008,	0,	\N
3013,	119,	3,	2008,	0,	\N
3014,	120,	3,	2008,	0,	\N
3015,	130,	3,	2008,	0,	\N
3016,	139,	3,	2008,	1,	\N
3017,	139,	3,	2008,	2,	\N
3018,	142,	3,	2008,	0,	\N
3019,	143,	3,	2008,	0,	\N
3020,	149,	3,	2008,	0,	\N
3021,	151,	3,	2008,	0,	\N
3022,	159,	3,	2008,	0,	\N
3023,	173,	3,	2008,	0,	\N
3024,	174,	3,	2008,	0,	\N
3025,	226,	3,	2008,	0,	\N
3026,	227,	3,	2008,	0,	\N
3027,	168,	3,	2008,	0,	\N
3028,	191,	3,	2008,	0,	\N
3029,	196,	3,	2008,	0,	\N
3030,	288,	3,	2008,	0,	\N
3031,	210,	3,	2008,	0,	\N
3032,	293,	3,	2008,	0,	\N
3033,	1,	3,	2008,	0,	\N
3034,	3,	3,	2008,	0,	\N
3035,	292,	3,	2008,	0,	\N
3036,	4,	3,	2008,	0,	\N
3037,	6,	3,	2008,	0,	\N
3038,	7,	3,	2008,	0,	\N
3039,	9,	3,	2008,	0,	\N
3040,	10,	3,	2008,	0,	\N
3041,	11,	3,	2008,	0,	\N
3042,	12,	3,	2008,	0,	\N
3043,	263,	3,	2008,	0,	\N
3044,	281,	3,	2008,	4,	\N
3045,	281,	3,	2008,	7,	\N
3046,	281,	3,	2008,	8,	\N
3047,	14,	3,	2008,	0,	\N
3048,	218,	3,	2008,	0,	\N
3049,	29,	3,	2008,	0,	\N
3050,	36,	3,	2008,	0,	\N
3051,	37,	3,	2008,	0,	\N
3052,	38,	3,	2008,	0,	\N
3053,	46,	3,	2008,	0,	\N
3054,	219,	3,	2008,	0,	\N
3055,	62,	3,	2008,	10,	\N
3056,	62,	3,	2008,	22,	\N
3057,	62,	3,	2008,	26,	\N
3058,	62,	3,	2008,	39,	\N
3059,	62,	3,	2008,	40,	\N
3060,	221,	3,	2008,	0,	\N
3061,	69,	3,	2008,	0,	\N
3062,	294,	3,	2008,	0,	\N
3063,	271,	3,	2008,	0,	\N
3064,	74,	3,	2008,	0,	\N
3065,	75,	3,	2008,	0,	\N
3066,	290,	3,	2008,	0,	\N
3067,	77,	3,	2008,	1,	\N
3068,	77,	3,	2008,	2,	\N
3069,	89,	1,	2009,	0,	\N
3070,	91,	1,	2009,	0,	\N
3071,	222,	1,	2009,	0,	\N
3072,	229,	1,	2009,	0,	\N
3073,	99,	1,	2009,	0,	\N
3074,	100,	1,	2009,	0,	\N
3075,	101,	1,	2009,	0,	\N
3076,	102,	1,	2009,	0,	\N
3077,	105,	1,	2009,	0,	\N
3078,	295,	1,	2009,	0,	\N
3079,	107,	1,	2009,	0,	\N
3080,	108,	1,	2009,	0,	\N
3081,	114,	1,	2009,	0,	\N
3082,	115,	1,	2009,	0,	\N
3083,	117,	1,	2009,	0,	\N
3084,	121,	1,	2009,	1,	\N
3085,	121,	1,	2009,	2,	\N
3086,	296,	1,	2009,	0,	\N
3087,	125,	1,	2009,	0,	\N
3088,	130,	1,	2009,	0,	\N
3089,	230,	1,	2009,	0,	\N
3090,	242,	1,	2009,	0,	\N
3091,	231,	1,	2009,	0,	\N
3092,	141,	1,	2009,	0,	\N
3093,	144,	1,	2009,	0,	\N
3094,	147,	1,	2009,	0,	\N
3095,	153,	1,	2009,	0,	\N
3096,	273,	1,	2009,	0,	\N
3097,	157,	1,	2009,	0,	\N
3098,	158,	1,	2009,	0,	\N
3099,	250,	1,	2009,	0,	\N
3100,	161,	1,	2009,	0,	\N
3101,	169,	1,	2009,	0,	\N
3102,	170,	1,	2009,	0,	\N
3103,	171,	1,	2009,	0,	\N
3104,	172,	1,	2009,	0,	\N
3105,	175,	1,	2009,	0,	\N
3106,	191,	1,	2009,	1,	\N
3107,	191,	1,	2009,	3,	\N
3108,	191,	1,	2009,	4,	\N
3109,	194,	1,	2009,	0,	\N
3110,	203,	1,	2009,	0,	\N
3111,	207,	1,	2009,	1,	\N
3112,	207,	1,	2009,	2,	\N
3113,	288,	1,	2009,	0,	\N
3114,	210,	1,	2009,	0,	\N
3115,	1,	1,	2009,	0,	\N
3116,	2,	1,	2009,	0,	\N
3117,	3,	1,	2009,	0,	\N
3118,	4,	1,	2009,	0,	\N
3119,	5,	1,	2009,	0,	\N
3120,	6,	1,	2009,	0,	\N
3121,	7,	1,	2009,	0,	\N
3122,	10,	1,	2009,	0,	\N
3123,	11,	1,	2009,	0,	\N
3124,	281,	1,	2009,	10,	\N
3125,	281,	1,	2009,	7,	\N
3126,	281,	1,	2009,	8,	\N
3127,	21,	1,	2009,	0,	\N
3128,	27,	1,	2009,	0,	\N
3129,	30,	1,	2009,	0,	\N
3130,	35,	1,	2009,	0,	\N
3131,	39,	1,	2009,	0,	\N
3132,	42,	1,	2009,	0,	\N
3133,	232,	1,	2009,	0,	\N
3134,	52,	1,	2009,	0,	\N
3135,	54,	1,	2009,	0,	\N
3136,	62,	1,	2009,	28,	\N
3137,	62,	1,	2009,	29,	\N
3138,	62,	1,	2009,	2,	\N
3139,	62,	1,	2009,	31,	\N
3140,	62,	1,	2009,	32,	\N
3141,	62,	1,	2009,	33,	\N
3142,	62,	1,	2009,	38,	\N
3143,	62,	1,	2009,	42,	\N
3144,	62,	1,	2009,	43,	\N
3145,	62,	1,	2009,	45,	\N
3146,	62,	1,	2009,	6,	\N
3147,	221,	1,	2009,	0,	\N
3148,	69,	1,	2009,	0,	\N
3149,	262,	1,	2009,	0,	\N
3150,	271,	1,	2009,	0,	\N
3151,	74,	1,	2009,	0,	\N
3152,	75,	1,	2009,	0,	\N
3153,	290,	1,	2009,	0,	\N
3154,	77,	1,	2009,	1,	\N
3155,	77,	1,	2009,	2,	\N
3156,	8,	1,	2009,	0,	\N
3157,	12,	1,	2009,	0,	\N
3158,	271,	2,	2009,	0,	\N
3159,	74,	2,	2009,	0,	\N
3160,	75,	2,	2009,	0,	\N
3161,	76,	2,	2009,	0,	\N
3162,	77,	2,	2009,	0,	\N
3163,	1,	3,	2009,	0,	\N
3164,	3,	3,	2009,	0,	\N
3165,	292,	3,	2009,	0,	\N
3166,	4,	3,	2009,	0,	\N
3167,	5,	3,	2009,	0,	\N
3168,	6,	3,	2009,	0,	\N
3169,	7,	3,	2009,	0,	\N
3170,	8,	3,	2009,	0,	\N
3171,	10,	3,	2009,	0,	\N
3172,	11,	3,	2009,	0,	\N
3173,	12,	3,	2009,	0,	\N
3174,	263,	3,	2009,	0,	\N
3175,	281,	3,	2009,	11,	\N
3176,	281,	3,	2009,	12,	\N
3177,	281,	3,	2009,	4,	\N
3178,	281,	3,	2009,	7,	\N
3179,	20,	3,	2009,	1,	\N
3180,	20,	3,	2009,	2,	\N
3181,	218,	3,	2009,	0,	\N
3182,	29,	3,	2009,	0,	\N
3183,	33,	3,	2009,	0,	\N
3184,	36,	3,	2009,	0,	\N
3185,	40,	3,	2009,	0,	\N
3186,	46,	3,	2009,	0,	\N
3187,	219,	3,	2009,	0,	\N
3188,	50,	3,	2009,	0,	\N
3189,	53,	3,	2009,	0,	\N
3190,	62,	3,	2009,	13,	\N
3191,	62,	3,	2009,	28,	\N
3192,	62,	3,	2009,	34,	\N
3193,	62,	3,	2009,	44,	\N
3194,	62,	3,	2009,	48,	\N
3195,	62,	3,	2009,	49,	\N
3196,	62,	3,	2009,	7,	\N
3197,	221,	3,	2009,	1,	\N
3198,	221,	3,	2009,	2,	\N
3199,	69,	3,	2009,	0,	\N
3200,	297,	3,	2009,	1,	\N
3201,	297,	3,	2009,	2,	\N
3202,	271,	3,	2009,	0,	\N
3203,	74,	3,	2009,	0,	\N
3204,	75,	3,	2009,	0,	\N
3205,	76,	3,	2009,	0,	\N
3206,	77,	3,	2009,	1,	\N
3210,	89,	3,	2009,	0,	\N
3211,	91,	3,	2009,	0,	\N
3212,	94,	3,	2009,	0,	\N
3213,	222,	3,	2009,	0,	\N
3214,	99,	3,	2009,	0,	\N
3215,	101,	3,	2009,	0,	\N
3216,	102,	3,	2009,	0,	\N
3217,	104,	3,	2009,	0,	\N
3218,	105,	3,	2009,	0,	\N
3219,	106,	3,	2009,	0,	\N
3220,	107,	3,	2009,	0,	\N
3221,	108,	3,	2009,	0,	\N
3222,	114,	3,	2009,	0,	\N
3223,	115,	3,	2009,	0,	\N
3224,	116,	3,	2009,	0,	\N
3225,	117,	3,	2009,	0,	\N
3226,	119,	3,	2009,	0,	\N
3227,	120,	3,	2009,	0,	\N
3228,	130,	3,	2009,	0,	\N
3229,	242,	3,	2009,	0,	\N
3230,	234,	3,	2009,	0,	\N
3231,	139,	3,	2009,	0,	\N
3232,	143,	3,	2009,	0,	\N
3233,	149,	3,	2009,	0,	\N
3234,	151,	3,	2009,	0,	\N
3235,	274,	3,	2009,	0,	\N
3236,	159,	3,	2009,	0,	\N
3237,	174,	3,	2009,	0,	\N
3238,	226,	3,	2009,	0,	\N
3239,	227,	3,	2009,	0,	\N
3240,	168,	3,	2009,	0,	\N
3241,	183,	3,	2009,	0,	\N
3242,	196,	3,	2009,	0,	\N
3243,	197,	3,	2009,	0,	\N
3244,	201,	3,	2009,	0,	\N
3245,	288,	3,	2009,	0,	\N
3246,	210,	3,	2009,	0,	\N
3247,	91,	1,	2010,	0,	\N
3248,	222,	1,	2010,	0,	\N
3249,	229,	1,	2010,	0,	\N
3250,	99,	1,	2010,	0,	\N
3251,	100,	1,	2010,	0,	\N
3252,	101,	1,	2010,	0,	\N
3253,	105,	1,	2010,	0,	\N
3254,	107,	1,	2010,	0,	\N
3255,	108,	1,	2010,	0,	\N
3256,	114,	1,	2010,	0,	\N
3257,	115,	1,	2010,	0,	\N
3258,	117,	1,	2010,	0,	\N
3259,	298,	1,	2010,	0,	\N
3260,	299,	1,	2010,	0,	\N
3261,	123,	1,	2010,	0,	\N
3262,	296,	1,	2010,	0,	\N
3263,	125,	1,	2010,	0,	\N
3264,	130,	1,	2010,	0,	\N
3265,	224,	1,	2010,	0,	\N
3266,	231,	1,	2010,	0,	\N
3267,	141,	1,	2010,	0,	\N
3268,	264,	1,	2010,	0,	\N
3269,	144,	1,	2010,	0,	\N
3270,	145,	1,	2010,	0,	\N
3271,	157,	1,	2010,	0,	\N
3272,	158,	1,	2010,	0,	\N
3273,	162,	1,	2010,	0,	\N
3274,	169,	1,	2010,	0,	\N
3275,	170,	1,	2010,	0,	\N
3276,	172,	1,	2010,	0,	\N
3277,	175,	1,	2010,	0,	\N
3278,	178,	1,	2010,	0,	\N
3279,	180,	1,	2010,	0,	\N
3280,	194,	1,	2010,	0,	\N
3281,	197,	1,	2010,	0,	\N
3282,	203,	1,	2010,	0,	\N
3283,	210,	1,	2010,	0,	\N
3284,	213,	1,	2010,	0,	\N
3285,	121,	1,	2010,	0,	\N
3286,	1,	1,	2010,	0,	\N
3287,	2,	1,	2010,	0,	\N
3288,	3,	1,	2010,	0,	\N
3289,	292,	1,	2010,	0,	\N
3290,	4,	1,	2010,	0,	\N
3291,	5,	1,	2010,	0,	\N
3292,	6,	1,	2010,	0,	\N
3293,	7,	1,	2010,	0,	\N
3294,	8,	1,	2010,	0,	\N
3295,	9,	1,	2010,	0,	\N
3296,	10,	1,	2010,	0,	\N
3297,	11,	1,	2010,	0,	\N
3298,	12,	1,	2010,	0,	\N
3299,	281,	1,	2010,	13,	\N
3300,	21,	1,	2010,	0,	\N
3301,	31,	1,	2010,	0,	\N
3302,	34,	1,	2010,	0,	\N
3303,	35,	1,	2010,	0,	\N
3304,	37,	1,	2010,	0,	\N
3305,	54,	1,	2010,	0,	\N
3306,	62,	1,	2010,	10,	\N
3307,	62,	1,	2010,	27,	\N
3308,	62,	1,	2010,	2,	\N
3309,	62,	1,	2010,	35,	\N
3310,	62,	1,	2010,	38,	\N
3311,	62,	1,	2010,	50,	\N
3312,	62,	1,	2010,	55,	\N
3313,	62,	1,	2010,	56,	\N
3314,	62,	1,	2010,	57,	\N
3315,	62,	1,	2010,	58,	\N
3316,	62,	1,	2010,	6,	\N
3317,	283,	1,	2010,	48,	\N
3318,	221,	1,	2010,	0,	\N
3319,	64,	1,	2010,	0,	\N
3320,	69,	1,	2010,	0,	\N
3321,	262,	1,	2010,	0,	\N
3322,	271,	1,	2010,	0,	\N
3323,	74,	1,	2010,	0,	\N
3324,	75,	1,	2010,	0,	\N
3325,	76,	1,	2010,	0,	\N
3326,	77,	1,	2010,	0,	\N
